n,convex_time,os_time
1,0.0001583099365234375,0.00030732154846191406
101,0.011882781982421875,0.0038640499114990234
201,0.011694192886352539,0.007476806640625
301,0.07828187942504883,0.010982036590576172
401,0.08577466011047363,0.014514446258544922
501,0.08036351203918457,0.018153905868530273
601,0.031243324279785156,0.016591548919677734
701,0.0755622386932373,0.028163671493530273
801,0.1278667449951172,0.03583335876464844
901,0.0804753303527832,0.03981161117553711
1001,0.18118643760681152,0.043955326080322266
1101,0.35733628273010254,0.0437161922454834
1201,0.20192956924438477,0.04627203941345215
1301,0.4820685386657715,0.05751967430114746
1401,0.233137845993042,0.06209611892700195
1501,0.44228625297546387,0.06765890121459961
1601,0.30192065238952637,0.034548044204711914
1701,0.09878253936767578,0.03706789016723633
1801,0.16181278228759766,0.03913617134094238
1901,0.0965125560760498,0.04140210151672363
2001,0.016402721405029297,0.04357719421386719
2101,0.47899436950683594,0.04587817192077637
2201,0.5503418445587158,0.08903098106384277
2301,0.20740079879760742,0.10149168968200684
2401,0.11574387550354004,0.10533547401428223
2501,0.15065407752990723,0.10112428665161133
2601,0.38911938667297363,0.10112810134887695
2701,0.49234533309936523,0.11953568458557129
2801,0.5131251811981201,0.1171417236328125
2901,0.39960289001464844,0.06598091125488281
3001,0.2635993957519531,0.06516861915588379
3101,0.14339923858642578,0.06930828094482422
3201,0.2816026210784912,0.0705113410949707
3301,0.30713582038879395,0.07200002670288086
3401,0.6376752853393555,0.0806882381439209
3501,1.2267358303070068,0.1412498950958252
3601,1.1221270561218262,0.15884852409362793
3701,0.7409224510192871,0.16237258911132812
3801,0.5050637722015381,0.16796588897705078
3901,0.22852015495300293,0.15755200386047363
4001,1.9924571514129639,0.17321419715881348
4101,0.6778137683868408,0.1829226016998291
4201,1.3653922080993652,0.17453217506408691
4301,0.330197811126709,0.19301176071166992
4401,0.8021349906921387,0.1915290355682373
4501,0.9564058780670166,0.18175673484802246
4601,1.1792137622833252,0.20380926132202148
4701,0.826108455657959,0.18155741691589355
4801,0.8584010601043701,0.22189974784851074
4901,1.0691063404083252,0.20074057579040527
5001,0.26039838790893555,0.17568063735961914
5101,0.828972578048706,0.17983269691467285
5201,0.6279661655426025,0.18210458755493164
5301,0.8919260501861572,0.18618059158325195
5401,0.6945817470550537,0.22992610931396484
5501,1.502807378768921,0.23176240921020508
5601,1.5475540161132812,0.2481222152709961
5701,1.4433727264404297,0.22696208953857422
5801,1.8191919326782227,0.25188422203063965
5901,0.9102599620819092,0.2552006244659424
6001,2.1260108947753906,0.2635996341705322
6101,0.3943784236907959,0.26210570335388184
6201,1.6831462383270264,0.26480650901794434
6301,1.6477439403533936,0.26076483726501465
6401,1.5592551231384277,0.26675939559936523
6501,1.0089938640594482,0.2856438159942627
6601,2.4221668243408203,0.2793385982513428
6701,1.9765372276306152,0.27602481842041016
6801,1.3949527740478516,0.29769015312194824
6901,0.45884203910827637,0.29494309425354004
7001,0.8793835639953613,0.2831284999847412
7101,1.6037418842315674,0.3137836456298828
7201,1.0639095306396484,0.2952554225921631
7301,0.9861464500427246,0.16830754280090332
7401,0.6118488311767578,0.18277311325073242
7501,0.5798196792602539,0.16738319396972656
7601,1.6904542446136475,0.17106080055236816
7701,0.9947593212127686,0.1719663143157959
7801,1.7197153568267822,0.19177532196044922
7901,0.8916409015655518,0.3548452854156494
8001,2.397848129272461,0.3257021903991699
8101,1.7756781578063965,0.36231446266174316
8201,0.4391486644744873,0.18159747123718262
8301,1.6080048084259033,0.18265867233276367
8401,1.2505431175231934,0.35156822204589844
8501,0.8230781555175781,0.34868645668029785
8601,1.1865699291229248,0.37894701957702637
8701,1.2736480236053467,0.4060955047607422
8801,1.1808221340179443,0.39229464530944824
8901,0.5470578670501709,0.39815735816955566
9001,1.8255679607391357,0.4022641181945801
9101,0.6711816787719727,0.19901514053344727
9201,1.2560219764709473,0.20069527626037598
9301,0.5471398830413818,0.24787402153015137
9401,2.089498281478882,0.424816370010376
9501,1.7240629196166992,0.423689603805542
9601,1.1401865482330322,0.3886563777923584
9701,1.9869229793548584,0.394622802734375
9801,2.2533907890319824,0.39913368225097656
9901,1.5544683933258057,0.42397451400756836
10001,1.7800078392028809,0.43862318992614746
10101,1.9850504398345947,0.4423487186431885
10201,5.031365156173706,0.450364351272583
10301,1.5934827327728271,0.4430665969848633
10401,2.547119140625,0.4602217674255371
10501,0.7479987144470215,0.23035740852355957
10601,0.7313601970672607,0.2373654842376709
10701,3.0042200088500977,0.2361903190612793
10801,1.429964542388916,0.4386875629425049
10901,1.1183793544769287,0.4473092555999756
11001,2.116328001022339,0.48857760429382324
11101,3.4904403686523438,0.4540982246398926
11201,3.9196088314056396,0.48763060569763184
11301,3.4791836738586426,0.5023036003112793
11401,2.2200748920440674,0.4751260280609131
11501,0.47412538528442383,0.474714994430542
11601,2.7975175380706787,0.513723611831665
11701,1.471846103668213,0.47983527183532715
11801,2.189620018005371,0.2577986717224121
11901,1.8866121768951416,0.28736162185668945
12001,0.4190046787261963,0.4511723518371582
12101,2.0988218784332275,0.48326587677001953
12201,3.011298894882202,0.5364189147949219
12301,2.150034189224243,0.5391843318939209
12401,1.6034464836120605,0.5455706119537354
12501,4.950657367706299,0.5518896579742432
12601,2.0408904552459717,0.5208187103271484
12701,2.895955801010132,0.563917875289917
12801,3.9698541164398193,0.5597879886627197
12901,2.831561803817749,0.5774588584899902
13001,2.8660976886749268,0.5819864273071289
13101,2.959426164627075,0.5744764804840088
13201,1.970895528793335,0.5877771377563477
13301,1.98116135597229,0.5531396865844727
13401,5.325451612472534,0.5913159847259521
13501,2.266052007675171,0.5652437210083008
13601,4.302551031112671,0.5583915710449219
13701,1.89005446434021,0.5635287761688232
13801,4.231040716171265,0.613250732421875
13901,3.08895206451416,0.5717179775238037
14001,1.8707613945007324,0.36472463607788086
14101,1.0530705451965332,0.5768375396728516
14201,1.4194915294647217,0.4000992774963379
14301,0.9008059501647949,0.31269359588623047
14401,0.8886628150939941,0.34746408462524414
14501,2.000507354736328,0.3912389278411865
14601,1.8947672843933105,0.39946913719177246
14701,2.245839834213257,0.6410057544708252
14801,0.5863597393035889,0.3214578628540039
14901,1.8275799751281738,0.3270301818847656
15001,0.3871283531188965,0.3471662998199463
15101,1.0041780471801758,0.337430477142334
15201,1.3238580226898193,0.3372204303741455
15301,2.8907814025878906,0.451129674911499
15401,0.7057030200958252,0.6417074203491211
15501,5.221394062042236,0.6911602020263672
15601,3.4446096420288086,0.6343450546264648
15701,4.586837291717529,0.6879961490631104
15801,3.094407320022583,0.4443221092224121
15901,2.9271836280822754,0.7098145484924316
16001,4.121161699295044,0.6830174922943115
16101,3.488994836807251,0.6598508358001709
16201,6.908916711807251,0.7241487503051758
16301,3.7249467372894287,0.7326836585998535
16401,1.2832646369934082,0.7356991767883301
16501,2.3218674659729004,0.4506235122680664
16601,0.6208271980285645,0.37015867233276367
16701,4.459640741348267,0.37342190742492676
16801,2.576409339904785,0.6829469203948975
16901,3.257816791534424,0.7576367855072021
17001,3.336897611618042,0.7620210647583008
17101,4.017291784286499,0.7724530696868896
17201,2.7162487506866455,0.7605569362640381
17301,1.5116260051727295,0.3830866813659668
17401,1.642927646636963,0.40648961067199707
17501,0.9199116230010986,0.40471553802490234
17601,2.513516902923584,0.7871270179748535
17701,0.9499897956848145,0.4196157455444336
17801,1.4377670288085938,0.556333065032959
17901,1.7369036674499512,0.40013670921325684
18001,1.1291117668151855,0.402773380279541
18101,1.8354518413543701,0.487032413482666
18201,1.323690414428711,0.47988057136535645
18301,2.0957868099212646,0.40712785720825195
18401,5.371055364608765,0.5001850128173828
18501,3.662945032119751,0.8285117149353027
18601,2.150130271911621,0.8322522640228271
18701,5.289186477661133,0.8336837291717529
18801,2.7238292694091797,0.8044404983520508
18901,9.310079336166382,0.8175005912780762
19001,3.806819200515747,0.8262574672698975
19101,4.40602707862854,0.8362884521484375
19201,3.131150007247925,0.743457555770874
19301,3.3941407203674316,0.8283975124359131
19401,3.0552480220794678,0.4293239116668701
19501,1.678544044494629,0.8155410289764404
19601,2.4011902809143066,0.8245551586151123
19701,3.0932607650756836,0.8388168811798096
19801,2.6947317123413086,0.8393857479095459
19901,0.7657675743103027,0.45926451683044434
