n,convex_time,os_time
1,0.000125885009765625,0.0002875328063964844
101,0.0012347698211669922,0.004984378814697266
201,0.001796722412109375,0.009932756423950195
301,0.0014834403991699219,0.0074274539947509766
401,0.0018749237060546875,0.009795665740966797
501,0.0022552013397216797,0.012111425399780273
601,0.0030951499938964844,0.014208793640136719
701,0.0030891895294189453,0.016641616821289062
801,0.00422215461730957,0.018532991409301758
901,0.003717660903930664,0.020328044891357422
1001,0.004034519195556641,0.023034334182739258
1101,0.004440784454345703,0.02512645721435547
1201,0.008841991424560547,0.05492568016052246
1301,0.013948678970336914,0.059720516204833984
1401,0.010144710540771484,0.06401681900024414
1501,0.01082468032836914,0.06226634979248047
1601,0.01387786865234375,0.066864013671875
1701,0.013247489929199219,0.07169222831726074
1801,0.013422012329101562,0.07468891143798828
1901,0.015369653701782227,0.07316255569458008
2001,0.019146203994750977,0.09810423851013184
2101,0.015827178955078125,0.09572458267211914
2201,0.016192913055419922,0.10225224494934082
2301,0.017075777053833008,0.10202598571777344
2401,0.018808364868164062,0.09979939460754395
2501,0.021921157836914062,0.10442543029785156
2601,0.01929783821105957,0.10148119926452637
2701,0.020296573638916016,0.143357515335083
2801,0.020367145538330078,0.12572002410888672
2901,0.029489517211914062,0.13223934173583984
3001,0.0217745304107666,0.12845087051391602
3101,0.02275395393371582,0.13291597366333008
3201,0.026363372802734375,0.11136436462402344
3301,0.012683391571044922,0.0736091136932373
3401,0.013837575912475586,0.07837820053100586
3501,0.018683671951293945,0.0812835693359375
3601,0.02663707733154297,0.0913548469543457
3701,0.026645421981811523,0.18655014038085938
3801,0.03256368637084961,0.16843867301940918
3901,0.028719663619995117,0.15427136421203613
4001,0.02901744842529297,0.18668699264526367
4101,0.03673887252807617,0.1814897060394287
4201,0.03136253356933594,0.17336297035217285
4301,0.030725479125976562,0.1944594383239746
4401,0.03140139579772949,0.1818530559539795
4501,0.03317070007324219,0.19397377967834473
4601,0.039501190185546875,0.20676779747009277
4701,0.03706550598144531,0.19986534118652344
4801,0.041053056716918945,0.21687102317810059
4901,0.03523850440979004,0.20237326622009277
5001,0.04319953918457031,0.22445154190063477
5101,0.03675436973571777,0.2286231517791748
5201,0.0481874942779541,0.20830488204956055
5301,0.04006695747375488,0.23717236518859863
5401,0.04450082778930664,0.2230243682861328
5501,0.04020953178405762,0.2545621395111084
5601,0.04663872718811035,0.23128771781921387
5701,0.04288363456726074,0.2549266815185547
5801,0.052904367446899414,0.24340415000915527
5901,0.044432640075683594,0.2647223472595215
6001,0.05131196975708008,0.2758655548095703
6101,0.04357266426086426,0.2630174160003662
6201,0.044904470443725586,0.28056788444519043
6301,0.05504584312438965,0.2886168956756592
6401,0.04630398750305176,0.2736682891845703
6501,0.0523066520690918,0.29732298851013184
6601,0.04732346534729004,0.30509495735168457
6701,0.02572917938232422,0.23061776161193848
6801,0.030702829360961914,0.14922189712524414
6901,0.049408912658691406,0.2837066650390625
7001,0.05080008506774902,0.3140897750854492
7101,0.06308293342590332,0.3390934467315674
7201,0.0536196231842041,0.3177826404571533
7301,0.054274797439575195,0.3188188076019287
7401,0.05877876281738281,0.3358628749847412
7501,0.0637061595916748,0.31580305099487305
7601,0.05631852149963379,0.36531519889831543
7701,0.060877084732055664,0.3430485725402832
7801,0.03450298309326172,0.18519353866577148
7901,0.036257266998291016,0.21571683883666992
8001,0.030201196670532227,0.22493886947631836
8101,0.03473353385925293,0.23341822624206543
8201,0.03690457344055176,0.28486132621765137
8301,0.03892111778259277,0.2425682544708252
8401,0.03171586990356445,0.19193387031555176
8501,0.03196144104003906,0.23909401893615723
8601,0.06940913200378418,0.3523828983306885
8701,0.06928467750549316,0.3634915351867676
8801,0.07161402702331543,0.38727617263793945
8901,0.07542681694030762,0.3682384490966797
9001,0.06495237350463867,0.4679067134857178
9101,0.06792664527893066,0.3821239471435547
9201,0.06624078750610352,0.457777738571167
9301,0.07337355613708496,0.4479498863220215
9401,0.07342648506164551,0.42387986183166504
9501,0.04169607162475586,0.40991735458374023
9601,0.0452275276184082,0.221604585647583
9701,0.043595314025878906,0.2149181365966797
9801,0.08195948600769043,0.43177247047424316
9901,0.08374834060668945,0.4177858829498291
10001,0.08350682258605957,0.4496948719024658
10101,0.08660054206848145,0.40165185928344727
10201,0.08552408218383789,0.47376155853271484
10301,0.08690595626831055,0.46561646461486816
10401,0.0863044261932373,0.4364917278289795
10501,0.08784842491149902,0.4331693649291992
10601,0.08718729019165039,0.4040815830230713
10701,0.08948683738708496,0.45201873779296875
10801,0.0897526741027832,0.46541547775268555
10901,0.08986163139343262,0.5276927947998047
11001,0.09088444709777832,0.40291881561279297
11101,0.08820295333862305,0.39246249198913574
11201,0.09369945526123047,0.4796030521392822
11301,0.09093332290649414,0.5757772922515869
11401,0.09247112274169922,0.43689489364624023
11501,0.09186244010925293,0.5732200145721436
11601,0.09663987159729004,0.5836870670318604
11701,0.09086251258850098,0.4594764709472656
11801,0.0885465145111084,0.5371637344360352
11901,0.05753159523010254,0.402695894241333
12001,0.05547142028808594,0.2723221778869629
12101,0.05269145965576172,0.27002835273742676
12201,0.05324053764343262,0.27599453926086426
12301,0.05892515182495117,0.27946996688842773
12401,0.09054183959960938,0.6527411937713623
12501,0.10084891319274902,0.5004968643188477
12601,0.10384726524353027,0.6626558303833008
12701,0.10157346725463867,0.5814700126647949
12801,0.08011817932128906,0.5263938903808594
12901,0.10622477531433105,0.4867832660675049
13001,0.05869293212890625,0.40482640266418457
13101,0.05796313285827637,0.2875490188598633
13201,0.0549931526184082,0.37337446212768555
13301,0.059895992279052734,0.3073725700378418
13401,0.060773611068725586,0.31553101539611816
13501,0.06304430961608887,0.3654162883758545
13601,0.06477618217468262,0.3541679382324219
13701,0.06082463264465332,0.33118104934692383
13801,0.09776449203491211,0.3376164436340332
13901,0.06742644309997559,0.33173251152038574
14001,0.06414794921875,0.35396623611450195
14101,0.06259512901306152,0.45998573303222656
14201,0.06704068183898926,0.4851233959197998
14301,0.06232166290283203,0.4495267868041992
14401,0.10016536712646484,0.34528255462646484
14501,0.09583258628845215,0.3357887268066406
14601,0.08048009872436523,0.3468952178955078
14701,0.07362747192382812,0.35724329948425293
14801,0.06363391876220703,0.43438267707824707
14901,0.06477880477905273,0.46451735496520996
15001,0.06825375556945801,0.4592912197113037
15101,0.06416988372802734,0.7177829742431641
15201,0.1186680793762207,0.5411021709442139
15301,0.06870245933532715,0.3532063961029053
15401,0.06823444366455078,0.5799059867858887
15501,0.07648897171020508,0.37685441970825195
15601,0.13851523399353027,0.5702202320098877
15701,0.07068133354187012,0.6458885669708252
15801,0.07078981399536133,0.4338202476501465
15901,0.07370829582214355,0.4888737201690674
16001,0.07308053970336914,0.5760552883148193
16101,0.09534645080566406,0.389035701751709
16201,0.12558984756469727,0.6125826835632324
16301,0.1323080062866211,0.8739626407623291
16401,0.13230037689208984,0.5835995674133301
16501,0.14228105545043945,0.8354363441467285
16601,0.1289970874786377,0.5957751274108887
16701,0.13730883598327637,0.8781914710998535
16801,0.07386088371276855,0.3971588611602783
16901,0.14105987548828125,0.47623324394226074
17001,0.1442546844482422,0.6013190746307373
17101,0.13203763961791992,0.8931610584259033
17201,0.13968658447265625,0.8012666702270508
17301,0.14810466766357422,0.7985429763793945
17401,0.13786768913269043,0.7824292182922363
17501,0.147047758102417,0.7191693782806396
17601,0.15204906463623047,0.7488596439361572
17701,0.13447356224060059,0.7109785079956055
17801,0.14255452156066895,0.747607946395874
17901,0.1423351764678955,0.7492597103118896
18001,0.15420317649841309,0.730128288269043
18101,0.1412830352783203,0.779686689376831
18201,0.14741253852844238,0.7790889739990234
18301,0.15142607688903809,0.6440997123718262
18401,0.10380005836486816,0.9532651901245117
18501,0.14790129661560059,0.6504395008087158
18601,0.14840435981750488,0.7160096168518066
18701,0.1549067497253418,0.8361489772796631
18801,0.1647799015045166,1.0215697288513184
18901,0.17429447174072266,0.9719982147216797
19001,0.17329025268554688,0.7954952716827393
19101,0.1768665313720703,0.7209808826446533
19201,0.08522534370422363,0.7612221240997314
19301,0.0888068675994873,0.5147802829742432
19401,0.10631251335144043,0.5447835922241211
19501,0.09908151626586914,0.7875051498413086
19601,0.10129499435424805,0.7370688915252686
19701,0.17714977264404297,0.7843790054321289
19801,0.1807410717010498,1.0549359321594238
19901,0.18530058860778809,0.5614402294158936
