n,convex_time,os_time
1,0.00013017654418945312,0.00021600723266601562
101,0.0010251998901367188,0.002541780471801758
201,0.001447439193725586,0.0047266483306884766
301,0.0013616085052490234,0.006809234619140625
401,0.0023908615112304688,0.009388446807861328
501,0.0024383068084716797,0.0118865966796875
601,0.0026111602783203125,0.014450550079345703
701,0.003255605697631836,0.016229867935180664
801,0.003321409225463867,0.01827073097229004
901,0.004338979721069336,0.02056431770324707
1001,0.004034280776977539,0.02382040023803711
1101,0.0046193599700927734,0.02662062644958496
1201,0.0052182674407958984,0.02958059310913086
1301,0.00500798225402832,0.030135631561279297
1401,0.005407810211181641,0.03114938735961914
1501,0.0058133602142333984,0.03480029106140137
1601,0.006379842758178711,0.03734922409057617
1701,0.010314702987670898,0.07369756698608398
1801,0.0068891048431396484,0.05640554428100586
1901,0.007798433303833008,0.04235100746154785
2001,0.007721424102783203,0.04588770866394043
2101,0.018395423889160156,0.04824566841125488
2201,0.008651494979858398,0.05354571342468262
2301,0.00937032699584961,0.05589413642883301
2401,0.00950765609741211,0.05704140663146973
2501,0.009629487991333008,0.06090092658996582
2601,0.010501623153686523,0.056908607482910156
2701,0.010203123092651367,0.06092667579650879
2801,0.01078939437866211,0.06600522994995117
2901,0.011396408081054688,0.06441974639892578
3001,0.011766433715820312,0.07959604263305664
3101,0.012323141098022461,0.07015633583068848
3201,0.027400970458984375,0.0767056941986084
3301,0.028938770294189453,0.12740612030029297
3401,0.02573227882385254,0.16831588745117188
3501,0.025008440017700195,0.16556143760681152
3601,0.030754566192626953,0.17274975776672363
3701,0.02689647674560547,0.17069077491760254
3801,0.028423786163330078,0.17458415031433105
3901,0.032929182052612305,0.18457961082458496
4001,0.029848337173461914,0.18031716346740723
4101,0.029248952865600586,0.18565845489501953
4201,0.03390955924987793,0.17639493942260742
4301,0.03202390670776367,0.21277308464050293
4401,0.03944134712219238,0.19314789772033691
4501,0.032918691635131836,0.20321917533874512
4601,0.03922224044799805,0.20498108863830566
4701,0.03384113311767578,0.188460111618042
4801,0.0353388786315918,0.2070937156677246
4901,0.03591442108154297,0.20954132080078125
5001,0.03555583953857422,0.2293562889099121
5101,0.04252219200134277,0.2285168170928955
5201,0.0407564640045166,0.23191189765930176
5301,0.04289364814758301,0.21921396255493164
5401,0.03874087333679199,0.22569489479064941
5501,0.04455900192260742,0.23798298835754395
5601,0.04137444496154785,0.28209543228149414
5701,0.042246103286743164,0.255596399307251
5801,0.0496211051940918,0.2621910572052002
5901,0.04271078109741211,0.27474451065063477
6001,0.050055503845214844,0.24699044227600098
6101,0.044569969177246094,0.2900090217590332
6201,0.052814483642578125,0.27709341049194336
6301,0.04728341102600098,0.3255503177642822
6401,0.045368194580078125,0.29287004470825195
6501,0.05315065383911133,0.30932140350341797
6601,0.04713177680969238,0.30602169036865234
6701,0.05367875099182129,0.2828841209411621
6801,0.05930304527282715,0.30315613746643066
6901,0.05068659782409668,0.3368377685546875
7001,0.055231571197509766,0.36583471298217773
7101,0.06021404266357422,0.3415248394012451
7201,0.027568340301513672,0.17507576942443848
7301,0.05848336219787598,0.30594825744628906
7401,0.06809806823730469,0.3095395565032959
7501,0.054589271545410156,0.3370375633239746
7601,0.05649757385253906,0.29869937896728516
7701,0.06218552589416504,0.33457374572753906
7801,0.03660249710083008,0.37767791748046875
7901,0.02956533432006836,0.1749403476715088
8001,0.0359499454498291,0.17623567581176758
8101,0.03535604476928711,0.17894673347473145
8201,0.04262042045593262,0.20356273651123047
8301,0.05945587158203125,0.36633801460266113
8401,0.06023526191711426,0.40736865997314453
8501,0.06922507286071777,0.35469675064086914
8601,0.07041621208190918,0.4142630100250244
8701,0.07246804237365723,0.36907196044921875
8801,0.0723419189453125,0.3754549026489258
8901,0.06407594680786133,0.3916347026824951
9001,0.06583046913146973,0.3856837749481201
9101,0.07437348365783691,0.41380929946899414
9201,0.07478928565979004,0.39539241790771484
9301,0.07561612129211426,0.39490509033203125
9401,0.07902860641479492,0.39700818061828613
9501,0.07677316665649414,0.41737914085388184
9601,0.08466291427612305,0.526482105255127
9701,0.08053350448608398,0.4623379707336426
9801,0.07199764251708984,0.4468066692352295
9901,0.07133150100708008,0.4149472713470459
10001,0.07317876815795898,0.45278000831604004
10101,0.07347750663757324,0.5751714706420898
10201,0.0752415657043457,0.45961785316467285
10301,0.07786297798156738,0.568274736404419
10401,0.07605290412902832,0.4618656635284424
10501,0.07585859298706055,0.46950364112854004
10601,0.07742929458618164,0.492185115814209
10701,0.07772135734558105,0.48369359970092773
10801,0.07835102081298828,0.6011426448822021
10901,0.08245134353637695,0.5203921794891357
11001,0.09175920486450195,0.47600793838500977
11101,0.09218859672546387,0.5142085552215576
11201,0.0632791519165039,0.5072526931762695
11301,0.050087928771972656,0.29529833793640137
11401,0.05466008186340332,0.27004265785217285
11501,0.07999372482299805,0.3714146614074707
11601,0.09095072746276855,0.4725337028503418
11701,0.05295920372009277,0.2779195308685303
11801,0.09099316596984863,0.6380143165588379
11901,0.04616260528564453,0.40576887130737305
12001,0.05464506149291992,0.2664802074432373
12101,0.05447030067443848,0.2696044445037842
12201,0.07892060279846191,0.3040657043457031
12301,0.10296034812927246,0.6150307655334473
12401,0.07043933868408203,0.45039820671081543
12501,0.09251570701599121,0.6219501495361328
12601,0.10136675834655762,0.5494296550750732
12701,0.056143999099731445,0.3980062007904053
12801,0.10670089721679688,0.5902037620544434
12901,0.10186243057250977,0.5773022174835205
13001,0.1058652400970459,0.5655996799468994
13101,0.10333251953125,0.6016569137573242
13201,0.055260658264160156,0.2972292900085449
13301,0.07843351364135742,0.32513928413391113
13401,0.06015920639038086,0.2958672046661377
13501,0.10631585121154785,0.5395426750183105
13601,0.10569930076599121,0.5924255847930908
13701,0.11054491996765137,0.592503547668457
13801,0.11108040809631348,0.6879110336303711
13901,0.10740470886230469,0.6086807250976562
14001,0.1185464859008789,0.6152551174163818
14101,0.1121516227722168,0.6339612007141113
14201,0.06452608108520508,0.4266698360443115
14301,0.0719137191772461,0.5386550426483154
14401,0.06217145919799805,0.39540934562683105
14501,0.0756528377532959,0.4764258861541748
14601,0.0632786750793457,0.4082822799682617
14701,0.06530523300170898,0.3355739116668701
14801,0.06559276580810547,0.436967134475708
14901,0.06460237503051758,0.34223437309265137
15001,0.07231855392456055,0.3599584102630615
15101,0.06599283218383789,0.3722801208496094
15201,0.08300447463989258,0.3520328998565674
15301,0.06569862365722656,0.35352039337158203
15401,0.07464337348937988,0.3675544261932373
15501,0.06732559204101562,0.4359307289123535
15601,0.13900971412658691,0.5779976844787598
15701,0.06817793846130371,0.392352819442749
15801,0.08203554153442383,0.3582015037536621
15901,0.06821298599243164,0.5185801982879639
16001,0.0811622142791748,0.40018415451049805
16101,0.12732338905334473,0.6279916763305664
16201,0.1324775218963623,0.8462135791778564
16301,0.12947750091552734,0.7822706699371338
16401,0.1289525032043457,0.69342041015625
16501,0.1332225799560547,0.7309648990631104
16601,0.1461811065673828,0.7456507682800293
16701,0.14217233657836914,0.6502132415771484
16801,0.13274598121643066,0.6904280185699463
16901,0.14307713508605957,0.6796000003814697
17001,0.14894509315490723,0.7069511413574219
17101,0.13405752182006836,0.6815402507781982
17201,0.13819503784179688,0.7910277843475342
17301,0.1486809253692627,0.6929690837860107
17401,0.07491755485534668,0.6301429271697998
17501,0.08213496208190918,0.4743831157684326
17601,0.15122747421264648,0.7893905639648438
17701,0.07671642303466797,0.6372599601745605
17801,0.08408331871032715,0.6543290615081787
17901,0.0915064811706543,0.6405251026153564
18001,0.07522153854370117,0.4411354064941406
18101,0.07819509506225586,0.4821939468383789
18201,0.08627510070800781,0.41972970962524414
18301,0.08741617202758789,0.4773550033569336
18401,0.0784296989440918,0.5657923221588135
18501,0.08080124855041504,0.8368635177612305
18601,0.08228111267089844,0.6386094093322754
18701,0.09173083305358887,0.5386173725128174
18801,0.09282088279724121,0.6826760768890381
18901,0.08576035499572754,0.55234694480896
19001,0.14886474609375,0.8832759857177734
19101,0.08394718170166016,0.5069725513458252
19201,0.12378692626953125,0.6086657047271729
19301,0.0977330207824707,0.5843260288238525
19401,0.1517319679260254,0.4440267086029053
19501,0.17234134674072266,0.6201775074005127
19601,0.16823768615722656,0.8534080982208252
19701,0.15832972526550293,0.797926664352417
19801,0.15394973754882812,0.884901762008667
19901,0.15863800048828125,0.9852581024169922
