n,convex_time,os_time
1,0.00019812583923339844,0.0002949237823486328
101,0.0014328956604003906,0.00478053092956543
201,0.0019049644470214844,0.007554292678833008
301,0.0031032562255859375,0.011465311050415039
401,0.003425121307373047,0.01597142219543457
501,0.003998517990112305,0.02190256118774414
601,0.004744529724121094,0.027895450592041016
701,0.005360126495361328,0.031815528869628906
801,0.012288570404052734,0.03681206703186035
901,0.007071256637573242,0.04153013229370117
1001,0.007647991180419922,0.050909996032714844
1101,0.008492708206176758,0.050116539001464844
1201,0.009423971176147461,0.049817800521850586
1301,0.009530305862426758,0.053681135177612305
1401,0.01118016242980957,0.05501675605773926
1501,0.01092672348022461,0.06975078582763672
1601,0.011528491973876953,0.0749349594116211
1701,0.01686835289001465,0.07807731628417969
1801,0.013279438018798828,0.07417082786560059
1901,0.013759851455688477,0.07819843292236328
2001,0.015145540237426758,0.07689714431762695
2101,0.015990018844604492,0.0977778434753418
2201,0.015769004821777344,0.10328793525695801
2301,0.016324758529663086,0.09534549713134766
2401,0.017319679260253906,0.10894489288330078
2501,0.017820358276367188,0.11456823348999023
2601,0.018660783767700195,0.1180109977722168
2701,0.024152278900146484,0.1128690242767334
2801,0.020729780197143555,0.11428284645080566
2901,0.021103382110595703,0.13338136672973633
3001,0.021562576293945312,0.13564133644104004
3101,0.02646160125732422,0.14637303352355957
3201,0.02257370948791504,0.12514162063598633
3301,0.024157285690307617,0.15023374557495117
3401,0.031246423721313477,0.15074896812438965
3501,0.02532958984375,0.13837981224060059
3601,0.026146411895751953,0.16225862503051758
3701,0.031108379364013672,0.1514906883239746
3801,0.026862382888793945,0.17070412635803223
3901,0.02749800682067871,0.17657780647277832
4001,0.034711360931396484,0.16265320777893066
4101,0.029996156692504883,0.18384099006652832
4201,0.03920888900756836,0.20815777778625488
4301,0.03038644790649414,0.17938494682312012
4401,0.032926082611083984,0.19890189170837402
4501,0.03700566291809082,0.19182920455932617
4601,0.03355741500854492,0.20804977416992188
4701,0.0388643741607666,0.21961402893066406
4801,0.03403949737548828,0.19927620887756348
4901,0.04352879524230957,0.21895074844360352
5001,0.036978960037231445,0.2004401683807373
5101,0.0498661994934082,0.23308467864990234
5201,0.039952754974365234,0.25529909133911133
5301,0.04692721366882324,0.246016263961792
5401,0.03966116905212402,0.24602818489074707
5501,0.04687952995300293,0.2457427978515625
5601,0.04185771942138672,0.23034286499023438
5701,0.04822826385498047,0.261688232421875
5801,0.04189324378967285,0.24274015426635742
5901,0.048429250717163086,0.2801063060760498
6001,0.04340958595275879,0.24661827087402344
6101,0.04935765266418457,0.2721412181854248
6201,0.045186519622802734,0.272158145904541
6301,0.04673576354980469,0.28514862060546875
6401,0.052602291107177734,0.3091557025909424
6501,0.04752326011657715,0.28621935844421387
6601,0.05176591873168945,0.32355809211730957
6701,0.05575680732727051,0.27615928649902344
6801,0.048696279525756836,0.3429725170135498
6901,0.05661320686340332,0.331512451171875
7001,0.0587313175201416,0.33313965797424316
7101,0.05026507377624512,0.2964000701904297
7201,0.05798673629760742,0.31084442138671875
7301,0.059726715087890625,0.38027000427246094
7401,0.05413627624511719,0.299391508102417
7501,0.05896759033203125,0.40581798553466797
7601,0.06213951110839844,0.38655924797058105
7701,0.054830312728881836,0.3124115467071533
7801,0.056059837341308594,0.4090433120727539
7901,0.061720848083496094,0.321699857711792
8001,0.06775355339050293,0.4029524326324463
8101,0.0678701400756836,0.36235833168029785
8201,0.06052136421203613,0.4071693420410156
8301,0.06567955017089844,0.35373449325561523
8401,0.06636500358581543,0.3958446979522705
8501,0.07218074798583984,0.33963704109191895
8601,0.07195734977722168,0.3850069046020508
8701,0.06421732902526855,0.36788368225097656
8801,0.06408929824829102,0.34655284881591797
8901,0.07300209999084473,0.39815664291381836
9001,0.07376599311828613,0.39957427978515625
9101,0.07544827461242676,0.37777280807495117
9201,0.07416915893554688,0.41072940826416016
9301,0.07723760604858398,0.42319464683532715
9401,0.07021307945251465,0.4755849838256836
9501,0.0702967643737793,0.4253382682800293
9601,0.07016158103942871,0.4485437870025635
9701,0.08096981048583984,0.5103611946105957
9801,0.07637143135070801,0.38822031021118164
9901,0.07809281349182129,0.44371461868286133
10001,0.07847285270690918,0.45146751403808594
10101,0.08121061325073242,0.46274399757385254
10201,0.08259177207946777,0.449535608291626
10301,0.08227992057800293,0.48923277854919434
10401,0.08329987525939941,0.5069828033447266
10501,0.08303594589233398,0.5469815731048584
10601,0.08578801155090332,0.5199306011199951
10701,0.08510184288024902,0.4502849578857422
10801,0.08734703063964844,0.5855991840362549
10901,0.08726263046264648,0.5558347702026367
11001,0.10021710395812988,0.550731897354126
11101,0.08800005912780762,0.503312349319458
11201,0.08802509307861328,0.4833650588989258
11301,0.08245587348937988,0.4605138301849365
11401,0.08283185958862305,0.471743106842041
11501,0.09586119651794434,0.5139369964599609
11601,0.0520319938659668,0.30103087425231934
11701,0.05415964126586914,0.310499906539917
11801,0.05483078956604004,0.27303290367126465
11901,0.05536794662475586,0.32773470878601074
12001,0.05097603797912598,0.2794945240020752
12101,0.05301618576049805,0.2736642360687256
12201,0.09951233863830566,0.5363199710845947
12301,0.10395956039428711,0.5471549034118652
12401,0.09872198104858398,0.507094144821167
12501,0.10019207000732422,0.5549664497375488
12601,0.10128331184387207,0.6289002895355225
12701,0.10387539863586426,0.5819101333618164
12801,0.10233521461486816,0.575495719909668
12901,0.10904812812805176,0.5803530216217041
13001,0.10605263710021973,0.5686590671539307
13101,0.1110830307006836,0.5585098266601562
13201,0.1061246395111084,0.5682175159454346
13301,0.1116945743560791,0.7058191299438477
13401,0.10440731048583984,0.5810778141021729
13501,0.10938501358032227,0.5712602138519287
13601,0.11003303527832031,0.6174442768096924
13701,0.10768318176269531,0.588529109954834
13801,0.1135718822479248,0.5957145690917969
13901,0.11005449295043945,0.5980038642883301
14001,0.10957145690917969,0.6243572235107422
14101,0.11694788932800293,0.7396285533905029
14201,0.11266946792602539,0.6159584522247314
14301,0.11572957038879395,0.6356854438781738
14401,0.12042021751403809,0.6154930591583252
14501,0.11609911918640137,0.626582145690918
14601,0.1203165054321289,0.621051549911499
14701,0.11708950996398926,0.6407225131988525
14801,0.12059259414672852,0.7907576560974121
14901,0.12045788764953613,0.7139928340911865
15001,0.11892199516296387,0.635523796081543
15101,0.12391281127929688,0.7959280014038086
15201,0.12619614601135254,0.645411491394043
15301,0.12731242179870605,0.641913890838623
15401,0.12156796455383301,0.79404616355896
15501,0.12978363037109375,0.8268613815307617
15601,0.12856531143188477,0.6446139812469482
15701,0.07532215118408203,0.5444834232330322
15801,0.06914138793945312,0.3575930595397949
15901,0.11002492904663086,0.4962785243988037
16001,0.12882590293884277,0.724196195602417
16101,0.07378220558166504,0.368438720703125
16201,0.1249227523803711,0.581305980682373
16301,0.07179951667785645,0.3632833957672119
16401,0.08393406867980957,0.37543582916259766
16501,0.09356355667114258,0.36432623863220215
16601,0.09335732460021973,0.493194580078125
16701,0.08557939529418945,0.45171546936035156
16801,0.13645315170288086,0.7326581478118896
16901,0.15311336517333984,0.8882501125335693
17001,0.07392191886901855,0.533604621887207
17101,0.1364426612854004,0.7803521156311035
17201,0.16533946990966797,0.7431368827819824
17301,0.14345169067382812,0.7450790405273438
17401,0.08246612548828125,0.39618730545043945
17501,0.09045648574829102,0.4661564826965332
17601,0.14838647842407227,0.7325849533081055
17701,0.09259605407714844,0.41106677055358887
17801,0.09573698043823242,0.4027397632598877
17901,0.1389472484588623,0.9451944828033447
18001,0.14243817329406738,0.6552033424377441
18101,0.15480685234069824,0.9524064064025879
18201,0.15275335311889648,0.7240064144134521
18301,0.15074586868286133,0.7680976390838623
18401,0.15464472770690918,0.7517812252044678
18501,0.1506214141845703,0.748145580291748
18601,0.15790581703186035,0.7922863960266113
18701,0.10295462608337402,0.4974513053894043
18801,0.08681702613830566,0.43858814239501953
18901,0.15039849281311035,0.5677013397216797
19001,0.15848207473754883,0.8444950580596924
19101,0.161301851272583,0.8263425827026367
19201,0.1662290096282959,0.905442476272583
19301,0.1713268756866455,0.9018006324768066
19401,0.15823960304260254,1.0360136032104492
19501,0.15457987785339355,0.9771382808685303
19601,0.15889453887939453,0.7785327434539795
19701,0.1595923900604248,1.1034893989562988
19801,0.18064355850219727,1.0824511051177979
19901,0.16885113716125488,0.8946025371551514
