n,convex_time,os_time
1,0.00011324882507324219,0.0002830028533935547
101,0.001085042953491211,0.004853248596191406
201,0.0018687248229980469,0.009428977966308594
301,0.0025620460510253906,0.014349937438964844
401,0.0032601356506347656,0.017040729522705078
501,0.004508018493652344,0.023031234741210938
601,0.004896640777587891,0.02790212631225586
701,0.007338285446166992,0.03164815902709961
801,0.006142616271972656,0.03709053993225098
901,0.00696253776550293,0.041416168212890625
1001,0.007689237594604492,0.04628276824951172
1101,0.008574485778808594,0.049942970275878906
1201,0.008966445922851562,0.0577545166015625
1301,0.009726762771606445,0.06241559982299805
1401,0.017759323120117188,0.06435990333557129
1501,0.011036396026611328,0.06918811798095703
1601,0.011957883834838867,0.07324051856994629
1701,0.012811422348022461,0.07574224472045898
1801,0.013180971145629883,0.08447146415710449
1901,0.013938426971435547,0.09182572364807129
2001,0.020142316818237305,0.09360742568969727
2101,0.015691518783569336,0.09492802619934082
2201,0.015969276428222656,0.10086989402770996
2301,0.016772985458374023,0.10534262657165527
2401,0.019448041915893555,0.11578941345214844
2501,0.013138532638549805,0.10194754600524902
2601,0.010101318359375,0.06432986259460449
2701,0.010146141052246094,0.06037092208862305
2801,0.010671854019165039,0.07435226440429688
2901,0.014678955078125,0.06659865379333496
3001,0.011427164077758789,0.06817150115966797
3101,0.011769533157348633,0.0693819522857666
3201,0.012076377868652344,0.07114148139953613
3301,0.01250600814819336,0.08235478401184082
3401,0.01296854019165039,0.0814354419708252
3501,0.013645410537719727,0.08167576789855957
3601,0.01387333869934082,0.08796858787536621
3701,0.014205455780029297,0.11729931831359863
3801,0.014455795288085938,0.08571934700012207
3901,0.015259265899658203,0.08577585220336914
4001,0.015137910842895508,0.0893406867980957
4101,0.019949913024902344,0.09649419784545898
4201,0.016134023666381836,0.10319876670837402
4301,0.016064882278442383,0.09611105918884277
4401,0.025066137313842773,0.09862422943115234
4501,0.017844200134277344,0.10344457626342773
4601,0.022221088409423828,0.14791512489318848
4701,0.017937421798706055,0.10745573043823242
4801,0.02271437644958496,0.10980677604675293
4901,0.01890707015991211,0.10984206199645996
5001,0.023838281631469727,0.11063361167907715
5101,0.019877195358276367,0.1377406120300293
5201,0.020148754119873047,0.11973690986633301
5301,0.028467178344726562,0.143998384475708
5401,0.020537614822387695,0.12364959716796875
5501,0.020930051803588867,0.12207365036010742
5601,0.03759956359863281,0.25421953201293945
5701,0.02115917205810547,0.12546825408935547
5801,0.027334928512573242,0.16082119941711426
5901,0.04625511169433594,0.1757349967956543
6001,0.02698659896850586,0.14385390281677246
6101,0.023156166076660156,0.1468338966369629
6201,0.028405427932739258,0.1391603946685791
6301,0.029910802841186523,0.18753695487976074
6401,0.02395319938659668,0.18108749389648438
6501,0.029069185256958008,0.21743059158325195
6601,0.024605274200439453,0.1445605754852295
6701,0.026080608367919922,0.19335365295410156
6801,0.0320281982421875,0.18415546417236328
6901,0.026111364364624023,0.15674352645874023
7001,0.04665803909301758,0.17438364028930664
7101,0.04610180854797363,0.18407678604125977
7201,0.027029991149902344,0.17305541038513184
7301,0.027692556381225586,0.1654987335205078
7401,0.03934288024902344,0.19439959526062012
7501,0.03992938995361328,0.23473238945007324
7601,0.029415607452392578,0.1716477870941162
7701,0.05868387222290039,0.17231488227844238
7801,0.03528785705566406,0.1773064136505127
7901,0.030100584030151367,0.22702431678771973
8001,0.030359506607055664,0.21950721740722656
8101,0.03538656234741211,0.2241215705871582
8201,0.03629159927368164,0.18663239479064941
8301,0.03907299041748047,0.18592476844787598
8401,0.03926730155944824,0.24530315399169922
8501,0.0317082405090332,0.19526171684265137
8601,0.03805685043334961,0.19413471221923828
8701,0.03879904747009277,0.20519804954528809
8801,0.06895065307617188,0.28027963638305664
8901,0.04254746437072754,0.2528955936431885
9001,0.034364938735961914,0.2697768211364746
9101,0.03649306297302246,0.20805859565734863
9201,0.0736684799194336,0.3101379871368408
9301,0.07541298866271973,0.4342994689941406
9401,0.044611454010009766,0.2184128761291504
9501,0.07979893684387207,0.31440234184265137
9601,0.0780339241027832,0.4107029438018799
9701,0.07274889945983887,0.4700453281402588
9801,0.04383039474487305,0.2247779369354248
9901,0.04450511932373047,0.21741414070129395
10001,0.04890894889831543,0.24756312370300293
10101,0.07416653633117676,0.39987897872924805
10201,0.07343626022338867,0.4611034393310547
10301,0.07515621185302734,0.39116787910461426
10401,0.07555556297302246,0.48426246643066406
10501,0.07593107223510742,0.4544963836669922
10601,0.07644224166870117,0.4655904769897461
10701,0.04112386703491211,0.4341301918029785
10801,0.04865074157714844,0.30865478515625
10901,0.05076932907104492,0.2439429759979248
11001,0.06693005561828613,0.32884645462036133
11101,0.04922962188720703,0.24960112571716309
11201,0.05088925361633301,0.3279848098754883
11301,0.09148573875427246,0.5017900466918945
11401,0.09336090087890625,0.49985265731811523
11501,0.09179210662841797,0.5080380439758301
11601,0.09036445617675781,0.5575695037841797
11701,0.09093284606933594,0.5103714466094971
11801,0.08505487442016602,0.5156481266021729
11901,0.05437421798706055,0.3604252338409424
12001,0.05316424369812012,0.28777146339416504
12101,0.05224013328552246,0.26699161529541016
12201,0.0521695613861084,0.3320741653442383
12301,0.05199313163757324,0.38010406494140625
12401,0.058409929275512695,0.3595433235168457
12501,0.0557560920715332,0.2822153568267822
12601,0.05792689323425293,0.3971545696258545
12701,0.07451844215393066,0.34482669830322266
12801,0.054167747497558594,0.2885425090789795
12901,0.0587162971496582,0.29952335357666016
13001,0.07738018035888672,0.5238051414489746
13101,0.05726909637451172,0.3649115562438965
13201,0.056674957275390625,0.35879945755004883
13301,0.061801910400390625,0.3309657573699951
13401,0.0586395263671875,0.31512928009033203
13501,0.06382179260253906,0.37051963806152344
13601,0.10991692543029785,0.3728652000427246
13701,0.11211657524108887,0.6284973621368408
13801,0.10884857177734375,0.5817232131958008
13901,0.10659360885620117,0.7105939388275146
14001,0.11693358421325684,0.36272597312927246
14101,0.11276388168334961,0.6035773754119873
14201,0.12168169021606445,0.6419150829315186
14301,0.11612677574157715,0.5505163669586182
14401,0.1117105484008789,0.6426916122436523
14501,0.11766862869262695,0.6555721759796143
14601,0.12073302268981934,0.6243362426757812
14701,0.11415481567382812,0.6337661743164062
14801,0.11903977394104004,0.8255579471588135
14901,0.11788296699523926,0.6530666351318359
15001,0.12401056289672852,0.770205020904541
15101,0.11926054954528809,0.7829775810241699
15201,0.1268479824066162,0.6689391136169434
15301,0.12119626998901367,0.667060375213623
15401,0.13065433502197266,0.9247608184814453
15501,0.12085771560668945,0.7171142101287842
15601,0.13223767280578613,0.7048447132110596
15701,0.12928485870361328,0.671173095703125
15801,0.13518738746643066,0.6838631629943848
15901,0.12737035751342773,0.6887044906616211
16001,0.1335926055908203,0.6725943088531494
16101,0.0684201717376709,0.3737146854400635
16201,0.12860584259033203,0.6697571277618408
16301,0.13512802124023438,0.687218189239502
16401,0.13656187057495117,0.7143430709838867
16501,0.16798186302185059,0.44998669624328613
16601,0.13280081748962402,0.7021925449371338
16701,0.13420987129211426,0.721139669418335
16801,0.07345914840698242,0.4187297821044922
16901,0.13919878005981445,0.7255091667175293
17001,0.14696621894836426,0.7451932430267334
17101,0.07201671600341797,0.6232986450195312
17201,0.14150309562683105,0.5033652782440186
17301,0.08602118492126465,0.5172586441040039
17401,0.0733640193939209,0.41287755966186523
17501,0.09978437423706055,0.5215561389923096
17601,0.14771437644958496,0.8974559307098389
17701,0.07401132583618164,0.3985888957977295
17801,0.14514613151550293,0.7433063983917236
17901,0.14433693885803223,0.741349458694458
18001,0.1531376838684082,1.0329573154449463
18101,0.14267396926879883,0.8147222995758057
18201,0.14347171783447266,0.9117882251739502
18301,0.15329623222351074,0.9744338989257812
18401,0.15949440002441406,0.8529751300811768
18501,0.1461622714996338,0.8643908500671387
18601,0.15664935111999512,1.0379667282104492
18701,0.14763092994689941,0.7974510192871094
18801,0.1614539623260498,1.0108072757720947
18901,0.16002106666564941,0.811164140701294
19001,0.14657020568847656,0.7951078414916992
19101,0.1483316421508789,0.8464515209197998
19201,0.15319132804870605,0.7966256141662598
19301,0.1454930305480957,0.7631702423095703
19401,0.17221927642822266,0.8502521514892578
19501,0.16510486602783203,0.8933320045471191
19601,0.10140657424926758,0.46459460258483887
19701,0.10187911987304688,0.5424931049346924
19801,0.1583540439605713,0.493380069732666
19901,0.08391690254211426,0.4671294689178467
