n,convex_time,os_time
1,0.00011205673217773438,0.00030612945556640625
101,0.0012621879577636719,0.00474095344543457
201,0.0018737316131591797,0.009468793869018555
301,0.002481222152709961,0.013633489608764648
401,0.003204345703125,0.018195390701293945
501,0.003972530364990234,0.02306532859802246
601,0.006148576736450195,0.02743673324584961
701,0.006369113922119141,0.03166055679321289
801,0.005945444107055664,0.036270856857299805
901,0.006624460220336914,0.040682077407836914
1001,0.011574268341064453,0.0426335334777832
1101,0.008255958557128906,0.049878597259521484
1201,0.008857965469360352,0.05511069297790527
1301,0.009904146194458008,0.06059455871582031
1401,0.01047062873840332,0.06380772590637207
1501,0.010875940322875977,0.06760835647583008
1601,0.011616945266723633,0.0723419189453125
1701,0.012298345565795898,0.08133053779602051
1801,0.01746368408203125,0.08023524284362793
1901,0.015566825866699219,0.07700490951538086
2001,0.015764236450195312,0.08319568634033203
2101,0.015388727188110352,0.09484100341796875
2201,0.015581130981445312,0.09048843383789062
2301,0.02436232566833496,0.08990907669067383
2401,0.017060041427612305,0.10866546630859375
2501,0.017865896224975586,0.11299514770507812
2601,0.018696308135986328,0.11606931686401367
2701,0.019290924072265625,0.12115621566772461
2801,0.0203096866607666,0.12934398651123047
2901,0.021227598190307617,0.13036036491394043
3001,0.02200007438659668,0.1358633041381836
3101,0.027869462966918945,0.15787172317504883
3201,0.02310013771057129,0.15980005264282227
3301,0.02440023422241211,0.14670658111572266
3401,0.03022456169128418,0.13547635078430176
3501,0.025675296783447266,0.14564204216003418
3601,0.026373624801635742,0.16058611869812012
3701,0.03310704231262207,0.16489100456237793
3801,0.02830338478088379,0.16893410682678223
3901,0.028555631637573242,0.1693427562713623
4001,0.03437185287475586,0.17058157920837402
4101,0.03022909164428711,0.1650834083557129
4201,0.03020763397216797,0.18644976615905762
4301,0.03553295135498047,0.17491507530212402
4401,0.03243589401245117,0.18319177627563477
4501,0.038872480392456055,0.16954946517944336
4601,0.032495737075805664,0.20353460311889648
4701,0.041551828384399414,0.21399903297424316
4801,0.034273386001586914,0.21528363227844238
4901,0.03651928901672363,0.2408437728881836
5001,0.0360264778137207,0.20830082893371582
5101,0.03625750541687012,0.24815750122070312
5201,0.04160332679748535,0.23544764518737793
5301,0.03808450698852539,0.23792505264282227
5401,0.04344654083251953,0.2594633102416992
5501,0.03877449035644531,0.2595334053039551
5601,0.03955268859863281,0.22047114372253418
5701,0.04016566276550293,0.25385403633117676
5801,0.04094338417053223,0.25612545013427734
5901,0.04851579666137695,0.2834463119506836
6001,0.04329371452331543,0.26238059997558594
6101,0.04953145980834961,0.2727622985839844
6201,0.04451489448547363,0.2911849021911621
6301,0.05353260040283203,0.2776906490325928
6401,0.05315399169921875,0.28383541107177734
6501,0.047654151916503906,0.28970813751220703
6601,0.030285358428955078,0.24567461013793945
6701,0.024977922439575195,0.1715991497039795
6801,0.025557279586791992,0.1475832462310791
6901,0.06165194511413574,0.30300211906433105
7001,0.050965309143066406,0.31273388862609863
7101,0.050637245178222656,0.3074004650115967
7201,0.05983614921569824,0.3459205627441406
7301,0.05188298225402832,0.3260457515716553
7401,0.05478835105895996,0.3309187889099121
7501,0.0599973201751709,0.3388810157775879
7601,0.06245684623718262,0.30945730209350586
7701,0.056096553802490234,0.40316271781921387
7801,0.05528688430786133,0.38109493255615234
7901,0.06312990188598633,0.4145684242248535
8001,0.06853985786437988,0.35173749923706055
8101,0.05898094177246094,0.35077977180480957
8201,0.05902910232543945,0.36562681198120117
8301,0.06574058532714844,0.3709571361541748
8401,0.0687263011932373,0.34485507011413574
8501,0.07181000709533691,0.37837696075439453
8601,0.03241539001464844,0.1920783519744873
8701,0.06448578834533691,0.22427773475646973
8801,0.07138419151306152,0.35730624198913574
8901,0.07108283042907715,0.3947031497955322
9001,0.07177090644836426,0.3689877986907959
9101,0.0744025707244873,0.4035828113555908
9201,0.07500767707824707,0.4344315528869629
9301,0.06699705123901367,0.41600513458251953
9401,0.06683516502380371,0.389697790145874
9501,0.06925845146179199,0.5040240287780762
9601,0.07468605041503906,0.39572811126708984
9701,0.07569217681884766,0.515498161315918
9801,0.07669496536254883,0.38989830017089844
9901,0.07901215553283691,0.4462859630584717
10001,0.0807502269744873,0.4805588722229004
10101,0.08146858215332031,0.4593961238861084
10201,0.08593249320983887,0.4488058090209961
10301,0.08339619636535645,0.47075510025024414
10401,0.08195281028747559,0.4219064712524414
10501,0.08554768562316895,0.47393155097961426
10601,0.08769392967224121,0.47123122215270996
10701,0.08584094047546387,0.4738442897796631
10801,0.08577084541320801,0.44494032859802246
10901,0.08571863174438477,0.48970985412597656
11001,0.08543086051940918,0.5201959609985352
11101,0.08901000022888184,0.4453868865966797
11201,0.0872957706451416,0.6190857887268066
11301,0.08832168579101562,0.6293051242828369
11401,0.08105254173278809,0.5036211013793945
11501,0.08228039741516113,0.614434003829956
11601,0.09389042854309082,0.5234847068786621
11701,0.09848809242248535,0.46420741081237793
11801,0.09719467163085938,0.5291464328765869
11901,0.09404230117797852,0.524038553237915
12001,0.09364748001098633,0.7084567546844482
12101,0.09276771545410156,0.4960637092590332
12201,0.0892033576965332,0.5439126491546631
12301,0.1007070541381836,0.5957295894622803
12401,0.098907470703125,0.6474599838256836
12501,0.0991678237915039,0.5442221164703369
12601,0.09811210632324219,0.6298558712005615
12701,0.09203815460205078,0.5662491321563721
12801,0.10581278800964355,0.6778900623321533
12901,0.10165739059448242,0.5654242038726807
13001,0.05452275276184082,0.28345465660095215
13101,0.05441761016845703,0.2880740165710449
13201,0.10573482513427734,0.5601756572723389
13301,0.1050252914428711,0.6922595500946045
13401,0.10384225845336914,0.7443549633026123
13501,0.10769104957580566,0.7164957523345947
13601,0.10912895202636719,0.5888087749481201
13701,0.10674548149108887,0.5938382148742676
13801,0.11779928207397461,0.6773068904876709
13901,0.1116783618927002,0.6020960807800293
14001,0.10896921157836914,0.610377311706543
14101,0.12011313438415527,0.7418849468231201
14201,0.11266112327575684,0.612802267074585
14301,0.11002421379089355,0.7120814323425293
14401,0.11512041091918945,0.589566707611084
14501,0.11716938018798828,0.6453676223754883
14601,0.11137175559997559,0.66744065284729
14701,0.11529922485351562,0.6555490493774414
14801,0.11517930030822754,0.681706428527832
14901,0.1193230152130127,0.7995507717132568
15001,0.11663937568664551,0.6651906967163086
15101,0.12032461166381836,0.6570522785186768
15201,0.11877202987670898,0.6631498336791992
15301,0.1313776969909668,0.6653435230255127
15401,0.12378525733947754,0.7944765090942383
15501,0.13064002990722656,0.6455845832824707
15601,0.12117719650268555,0.650005578994751
15701,0.1328730583190918,0.8232526779174805
15801,0.12503385543823242,0.8846943378448486
15901,0.13443279266357422,0.8710956573486328
16001,0.12725400924682617,0.7059564590454102
16101,0.13205575942993164,0.6818060874938965
16201,0.12495684623718262,0.689997673034668
16301,0.13343334197998047,0.7146635055541992
16401,0.12549543380737305,0.7060999870300293
16501,0.1290140151977539,0.7021515369415283
16601,0.14089679718017578,0.8770008087158203
16701,0.1279435157775879,0.7276432514190674
16801,0.13692879676818848,0.7221705913543701
16901,0.13061952590942383,0.9095823764801025
17001,0.13609075546264648,0.7244021892547607
17101,0.142441987991333,0.8533623218536377
17201,0.13486313819885254,0.7364223003387451
17301,0.13554167747497559,0.7098028659820557
17401,0.14641284942626953,0.7316009998321533
17501,0.13384389877319336,0.7246367931365967
17601,0.14224791526794434,0.7653307914733887
17701,0.14841699600219727,0.7662467956542969
17801,0.14974308013916016,0.7718067169189453
17901,0.14212393760681152,0.6993594169616699
18001,0.08032917976379395,0.5068552494049072
18101,0.15509486198425293,0.8397171497344971
18201,0.14032196998596191,0.7556712627410889
18301,0.08054161071777344,0.4563333988189697
18401,0.14952850341796875,0.7152295112609863
18501,0.1537635326385498,0.7810807228088379
18601,0.08806586265563965,0.41809725761413574
18701,0.1502087116241455,0.5947093963623047
18801,0.14765453338623047,1.0253715515136719
18901,0.1498103141784668,0.9390337467193604
19001,0.15663623809814453,1.0025980472564697
19101,0.16669249534606934,1.0385081768035889
19201,0.163618803024292,1.078573226928711
19301,0.1093137264251709,0.8091530799865723
19401,0.1512291431427002,0.9526791572570801
19501,0.15253400802612305,1.0358290672302246
19601,0.15549945831298828,0.9053525924682617
19701,0.16411495208740234,0.8980152606964111
19801,0.16247081756591797,0.8188703060150146
19901,0.17182540893554688,0.8500714302062988
