n,convex_time,os_time
1,0.00018668174743652344,0.0002815723419189453
101,0.006378173828125,0.004896640777587891
201,0.012726306915283203,0.010464668273925781
301,0.019022703170776367,0.014481544494628906
401,0.025295257568359375,0.020987510681152344
501,0.03184318542480469,0.023652315139770508
601,0.038054466247558594,0.028507709503173828
701,0.043641090393066406,0.03461170196533203
801,0.0513148307800293,0.03552865982055664
901,0.05812239646911621,0.04731345176696777
1001,0.06487226486206055,0.04571390151977539
1101,0.0713043212890625,0.04785871505737305
1201,0.07746434211730957,0.05575442314147949
1301,0.07282376289367676,0.06488966941833496
1401,0.08834075927734375,0.1060628890991211
1501,0.09504866600036621,0.09906196594238281
1601,0.11649942398071289,0.07849693298339844
1701,0.1114950180053711,0.11418461799621582
1801,0.11607050895690918,0.13472652435302734
1901,0.12279510498046875,0.15760588645935059
2001,0.10937047004699707,0.09849095344543457
2101,0.13177919387817383,0.12842655181884766
2201,0.14329266548156738,0.10591340065002441
2301,0.14480948448181152,0.11006760597229004
2401,0.16104793548583984,0.10875821113586426
2501,0.16173863410949707,0.11980748176574707
2601,0.15440940856933594,0.1595597267150879
2701,0.17085981369018555,0.2301633358001709
2801,0.17685699462890625,0.13807201385498047
2901,0.18621325492858887,0.15427732467651367
3001,0.19792938232421875,0.13705945014953613
3101,0.17344236373901367,0.25032758712768555
3201,0.20765972137451172,0.3183717727661133
3301,0.2094862461090088,0.29544782638549805
3401,0.21674489974975586,0.16943025588989258
3501,0.226759672164917,0.38732004165649414
3601,0.22380876541137695,0.4218015670776367
3701,0.23348450660705566,0.41673946380615234
3801,0.24318408966064453,0.1805713176727295
3901,0.22336697578430176,0.17439818382263184
4001,0.2514917850494385,0.3931617736816406
4101,0.25550103187561035,0.5068514347076416
4201,0.2713332176208496,0.4065432548522949
4301,0.2787051200866699,0.5212211608886719
4401,0.2525486946105957,0.20669913291931152
4501,0.2850675582885742,0.42194437980651855
4601,0.25158214569091797,0.4359426498413086
4701,0.27469968795776367,0.2164299488067627
4801,0.2721552848815918,0.46007561683654785
4901,0.3209209442138672,0.6051371097564697
5001,0.29912662506103516,0.5951240062713623
5101,0.3466048240661621,0.6801197528839111
5201,0.3289058208465576,0.6666116714477539
5301,0.24933385848999023,0.7443792819976807
5401,0.16585087776184082,0.2442941665649414
5501,0.1875603199005127,0.17822694778442383
5601,0.17438912391662598,0.4711422920227051
5701,0.21485590934753418,0.1414337158203125
5801,0.3693559169769287,0.9248321056365967
5901,0.3402683734893799,0.6735749244689941
6001,0.34247469902038574,0.40418386459350586
6101,0.3111579418182373,0.874302864074707
6201,0.36147093772888184,0.5482475757598877
6301,0.39737725257873535,0.6101429462432861
6401,0.3275635242462158,0.28845858573913574
6501,0.4017977714538574,0.28582119941711426
6601,0.4229552745819092,0.9392156600952148
6701,0.21312475204467773,0.23146295547485352
6801,0.21909284591674805,0.15949749946594238
6901,0.2235250473022461,0.17481064796447754
7001,0.22640585899353027,0.26512694358825684
7101,0.2745025157928467,0.1766338348388672
7201,0.23103618621826172,0.20941424369812012
7301,0.2471752166748047,0.7043259143829346
7401,0.4066755771636963,0.6605532169342041
7501,0.24167633056640625,0.21728801727294922
7601,0.2902374267578125,0.19913744926452637
7701,0.28554797172546387,0.23210859298706055
7801,0.32529330253601074,0.2320702075958252
7901,0.2536203861236572,0.41428041458129883
8001,0.2543761730194092,0.25969409942626953
8101,0.29618358612060547,0.2288961410522461
8201,0.3006439208984375,0.3227572441101074
8301,0.29384422302246094,0.5065195560455322
8401,0.3081340789794922,0.32823967933654785
8501,0.28672170639038086,1.0803782939910889
8601,0.2822608947753906,0.26895904541015625
8701,0.5120570659637451,1.5859978199005127
8801,0.5400285720825195,0.4257364273071289
8901,0.562018871307373,0.42276978492736816
9001,0.5619909763336182,0.4232797622680664
9101,0.5956332683563232,0.5005395412445068
9201,0.5443878173828125,0.4712667465209961
9301,0.5830481052398682,1.0904467105865479
9401,0.6070342063903809,0.541705846786499
9501,0.6033563613891602,0.43055057525634766
9601,0.6171016693115234,0.4781050682067871
9701,0.5906555652618408,2.4370503425598145
9801,0.6135327816009521,2.273594856262207
9901,0.5204324722290039,1.343860387802124
10001,0.6063463687896729,1.9498875141143799
10101,0.6150619983673096,0.5298721790313721
10201,0.6630136966705322,0.8419301509857178
10301,0.5475578308105469,0.48365092277526855
10401,0.6800873279571533,0.5205349922180176
10501,0.6863193511962891,0.48737597465515137
10601,0.6197991371154785,2.137739419937134
10701,0.5728902816772461,0.5498120784759521
10801,0.5785953998565674,2.509263277053833
10901,0.5779376029968262,1.3377106189727783
11001,0.6634795665740967,0.5449023246765137
11101,0.5889492034912109,0.6220128536224365
11201,0.6912071704864502,2.330754518508911
11301,0.6943893432617188,0.5692558288574219
11401,0.37387609481811523,2.0258638858795166
11501,0.423844575881958,1.8764102458953857
11601,0.7576096057891846,0.39824891090393066
11701,0.6966900825500488,2.0914008617401123
11801,0.7387669086456299,2.1930439472198486
11901,0.626183271408081,0.5994818210601807
12001,0.7753384113311768,2.9268157482147217
12101,0.40326786041259766,1.845738410949707
12201,0.4766058921813965,0.30681610107421875
12301,0.7724587917327881,3.3169775009155273
12401,0.8205335140228271,0.6645877361297607
12501,0.8208634853363037,0.958651065826416
12601,0.8110775947570801,0.620572566986084
12701,0.8018355369567871,0.705939531326294
12801,0.5058050155639648,3.460416555404663
12901,0.6412863731384277,0.35538554191589355
13001,0.6835927963256836,3.3909783363342285
13101,0.8226912021636963,0.674015998840332
13201,0.6970677375793457,4.174053430557251
13301,0.6957027912139893,0.7970092296600342
13401,0.8291666507720947,1.134061574935913
13501,0.8672769069671631,4.384237051010132
13601,0.4663701057434082,2.0709588527679443
13701,0.5890719890594482,0.39743804931640625
13801,0.7590487003326416,3.5050761699676514
13901,0.617246150970459,0.5281522274017334
14001,0.8365128040313721,4.5422422885894775
14101,0.910449743270874,0.7255792617797852
14201,0.9273099899291992,0.7576816082000732
14301,0.9298820495605469,0.7387022972106934
14401,0.5025272369384766,4.75625205039978
14501,0.9262716770172119,0.7282531261444092
14601,0.8683376312255859,0.9109976291656494
14701,0.9162728786468506,3.767679214477539
14801,0.9162571430206299,5.177049398422241
14901,0.7916491031646729,0.7461016178131104
15001,0.930255651473999,3.8312902450561523
15101,0.9364702701568604,0.7796766757965088
15201,0.9249587059020996,5.0771825313568115
15301,0.8114697933197021,0.7914295196533203
15401,1.0031731128692627,5.224595546722412
15501,1.0009074211120605,2.9956793785095215
15601,0.6348154544830322,2.6191718578338623
15701,0.8439042568206787,2.37760853767395
15801,0.5627484321594238,5.942063093185425
15901,0.5463335514068604,4.125990390777588
16001,0.6697521209716797,0.6878452301025391
16101,0.6709339618682861,0.6125469207763672
16201,0.5835933685302734,0.5225121974945068
16301,0.6104705333709717,4.3593666553497314
16401,0.6862809658050537,0.6413772106170654
16501,0.6177864074707031,0.6276674270629883
16601,0.6039876937866211,4.02085018157959
16701,0.6714816093444824,0.5415146350860596
16801,0.5624613761901855,0.6023132801055908
16901,0.6081287860870361,1.502307415008545
17001,0.6847167015075684,0.6492533683776855
17101,0.5586023330688477,0.5703234672546387
17201,0.5989656448364258,1.1476061344146729
17301,0.7206206321716309,0.768836498260498
17401,0.6363885402679443,0.7936620712280273
17501,1.1387121677398682,4.504173994064331
17601,1.1545581817626953,1.3105494976043701
17701,0.9487078189849854,1.0007095336914062
17801,1.0706045627593994,7.338114261627197
17901,0.9279026985168457,0.9112188816070557
18001,0.7087211608886719,5.685190916061401
18101,0.6741669178009033,0.6911966800689697
18201,1.201066493988037,7.147980690002441
18301,0.9778149127960205,0.9944345951080322
18401,0.9927668571472168,0.9440696239471436
18501,1.0270285606384277,8.542993307113647
18601,1.0146331787109375,3.1368401050567627
18701,1.1142582893371582,8.245494365692139
18801,0.9933826923370361,8.370710849761963
18901,1.1616644859313965,7.4208831787109375
19001,1.0919439792633057,1.2371337413787842
19101,1.228210210800171,1.2372729778289795
19201,1.0420176982879639,1.055826187133789
19301,0.8052501678466797,1.047969102859497
19401,1.0245814323425293,7.597796440124512
19501,1.02730131149292,1.1245718002319336
19601,1.0905072689056396,3.697216033935547
19701,0.6283318996429443,0.6139771938323975
19801,1.0452239513397217,9.462635517120361
19901,1.2872397899627686,1.0514423847198486
