n,convex_time,os_time
1,0.00021028518676757812,0.0002560615539550781
101,0.006729841232299805,0.0045397281646728516
201,0.013206958770751953,0.008852720260620117
301,0.019928455352783203,0.016025066375732422
401,0.028002023696899414,0.01784062385559082
501,0.03213000297546387,0.024060964584350586
601,0.020428180694580078,0.022261857986450195
701,0.038583993911743164,0.03484511375427246
801,0.024981260299682617,0.01927471160888672
901,0.028737783432006836,0.025989770889282227
1001,0.03131890296936035,0.03338217735290527
1101,0.034903764724731445,0.04287242889404297
1201,0.043579816818237305,0.039482831954956055
1301,0.042204856872558594,0.031427860260009766
1401,0.043839216232299805,0.04580998420715332
1501,0.04698920249938965,0.04649806022644043
1601,0.04971432685852051,0.04248762130737305
1701,0.05818581581115723,0.046100616455078125
1801,0.05692553520202637,0.05305671691894531
1901,0.0926668643951416,0.05124950408935547
2001,0.13101649284362793,0.09406256675720215
2101,0.13909316062927246,0.09371113777160645
2201,0.14243030548095703,0.1935579776763916
2301,0.14641070365905762,0.20331215858459473
2401,0.15888071060180664,0.12371325492858887
2501,0.16504931449890137,0.11344170570373535
2601,0.17093896865844727,0.11455011367797852
2701,0.1737661361694336,0.24719858169555664
2801,0.18953895568847656,0.22779178619384766
2901,0.19205069541931152,0.143479585647583
3001,0.09347677230834961,0.20597124099731445
3101,0.1731264591217041,0.1731569766998291
3201,0.20264077186584473,0.17041015625
3301,0.2029557228088379,0.3674919605255127
3401,0.22138690948486328,0.1674487590789795
3501,0.1692495346069336,0.14057374000549316
3601,0.11739850044250488,0.11578226089477539
3701,0.11604881286621094,0.21707367897033691
3801,0.12439370155334473,0.2661278247833252
3901,0.20182061195373535,0.32229018211364746
4001,0.25312185287475586,0.2619946002960205
4101,0.21686315536499023,0.24424290657043457
4201,0.21608376502990723,0.27716517448425293
4301,0.27102231979370117,0.4166688919067383
4401,0.22870111465454102,0.3654289245605469
4501,0.23064732551574707,0.19228005409240723
4601,0.280292272567749,0.6171541213989258
4701,0.29015612602233887,0.22391414642333984
4801,0.2907829284667969,0.21252202987670898
4901,0.25301361083984375,0.18547630310058594
5001,0.31485629081726074,0.43912196159362793
5101,0.3629631996154785,0.4968247413635254
5201,0.27817201614379883,0.5789337158203125
5301,0.27417969703674316,0.21793007850646973
5401,0.3521862030029297,0.3607792854309082
5501,0.2671692371368408,0.5116994380950928
5601,0.37198448181152344,0.46303796768188477
5701,0.3448152542114258,0.7380168437957764
5801,0.38846516609191895,0.3206937313079834
5901,0.20422673225402832,0.887230634689331
6001,0.19611716270446777,0.2365732192993164
6101,0.19638967514038086,0.1842179298400879
6201,0.19809269905090332,0.5775339603424072
6301,0.32955455780029297,0.6378495693206787
6401,0.3359792232513428,0.2905540466308594
6501,0.34819507598876953,0.29900598526000977
6601,0.43222570419311523,0.3138587474822998
6701,0.35041379928588867,0.283771276473999
6801,0.45615458488464355,0.6807034015655518
6901,0.4547154903411865,1.1248595714569092
7001,0.22098565101623535,0.6465888023376465
7101,0.23131108283996582,0.19959330558776855
7201,0.3745241165161133,0.8471384048461914
7301,0.37929773330688477,1.082369327545166
7401,0.48009467124938965,1.2693967819213867
7501,0.41660189628601074,1.0444786548614502
7601,0.23673629760742188,0.8441054821014404
7701,0.39963531494140625,0.9561901092529297
7801,0.4181842803955078,0.3491404056549072
7901,0.4239838123321533,0.37502574920654297
8001,0.4937741756439209,0.36126184463500977
8101,0.26668357849121094,1.4486989974975586
8201,0.45638275146484375,1.52614164352417
8301,0.5416107177734375,1.4416594505310059
8401,0.2870326042175293,0.6743550300598145
8501,0.31270384788513184,1.1989638805389404
8601,0.29035067558288574,1.1684579849243164
8701,0.3762168884277344,0.29247474670410156
8801,0.29932093620300293,0.35642147064208984
8901,0.308488130569458,0.24557018280029297
9001,0.40019869804382324,0.41489577293395996
9101,0.5698440074920654,0.4762580394744873
9201,0.5588984489440918,2.0798556804656982
9301,0.5562787055969238,0.47960805892944336
9401,0.3120155334472656,0.3002009391784668
9501,0.384490966796875,0.43946123123168945
9601,0.5128970146179199,0.4637486934661865
9701,0.5827114582061768,1.7573881149291992
9801,0.3242650032043457,1.6012144088745117
9901,0.3421969413757324,0.34339022636413574
10001,0.3572697639465332,0.8136641979217529
10101,0.3922231197357178,0.34685444831848145
10201,0.329498291015625,0.5367529392242432
10301,0.3417038917541504,0.3947641849517822
10401,0.45319700241088867,1.4905860424041748
10501,0.33391547203063965,0.8774030208587646
10601,0.3392202854156494,1.6865911483764648
10701,0.503523588180542,0.35725879669189453
10801,0.3609144687652588,0.29242944717407227
10901,0.3536858558654785,0.3153376579284668
11001,0.36593031883239746,1.6823372840881348
11101,0.3657841682434082,0.4204726219177246
11201,0.37311363220214844,0.40729427337646484
11301,0.4331352710723877,1.6562433242797852
11401,0.3664216995239258,0.36241769790649414
11501,0.3918747901916504,0.40042710304260254
11601,0.3867766857147217,0.8204705715179443
11701,0.39000558853149414,0.4007561206817627
11801,0.4446713924407959,2.271359920501709
11901,0.40085554122924805,2.5465643405914307
12001,0.3972477912902832,0.33515405654907227
12101,0.43063902854919434,0.40955138206481934
12201,0.4197235107421875,0.33954453468322754
12301,0.40601205825805664,1.5675997734069824
12401,0.6480491161346436,0.7484076023101807
12501,0.8063056468963623,3.875530481338501
12601,0.6654272079467773,0.6379764080047607
12701,0.760312557220459,3.930819034576416
12801,0.6655850410461426,0.6261622905731201
12901,0.8078022003173828,3.433074712753296
13001,0.6852436065673828,3.6414241790771484
13101,0.7406234741210938,0.5749297142028809
13201,0.6840136051177979,2.1774466037750244
13301,0.8633520603179932,0.6019048690795898
13401,0.8320968151092529,2.3202192783355713
13501,0.7532141208648682,2.679290294647217
13601,0.7032430171966553,0.6350202560424805
13701,0.8822071552276611,0.6546928882598877
13801,0.724672794342041,0.7097516059875488
13901,0.7251641750335693,4.446887731552124
14001,0.7289369106292725,0.5402841567993164
14101,0.9064857959747314,0.6836228370666504
14201,0.9059417247772217,4.3017871379852295
14301,0.7598316669464111,2.0973150730133057
14401,0.8965511322021484,0.771364688873291
14501,0.7689507007598877,0.847210168838501
14601,0.9310455322265625,1.997739553451538
14701,0.9417014122009277,1.286384105682373
14801,0.9191477298736572,5.2667930126190186
14901,0.9304032325744629,4.06989598274231
15001,0.4830455780029297,0.7358145713806152
15101,0.7400822639465332,0.6228654384613037
15201,0.8351311683654785,4.567432165145874
15301,0.4964714050292969,2.8686540126800537
15401,0.57350754737854,4.0030152797698975
15501,0.5425169467926025,3.2240235805511475
15601,0.5616452693939209,4.442502737045288
15701,0.5550558567047119,5.20756196975708
15801,0.6995751857757568,2.0647189617156982
15901,1.0164644718170166,4.451062917709351
16001,0.9879212379455566,0.8666932582855225
16101,0.7563598155975342,1.0967848300933838
16201,0.5287032127380371,0.45647120475769043
16301,0.8839926719665527,5.375016927719116
16401,0.8734159469604492,0.9535434246063232
16501,1.0862345695495605,1.074293851852417
16601,0.9113597869873047,5.385148286819458
16701,0.9003007411956787,0.881605863571167
16801,1.1038305759429932,0.8144755363464355
16901,0.8913004398345947,0.9057831764221191
17001,0.9031121730804443,0.8843059539794922
17101,0.9062421321868896,1.0139265060424805
17201,1.0253303050994873,1.092355728149414
17301,1.1299545764923096,0.9371123313903809
17401,0.9209775924682617,5.554508209228516
17501,1.0442352294921875,7.077748537063599
17601,0.9588541984558105,0.9991343021392822
17701,0.9364147186279297,4.325833559036255
17801,1.1220722198486328,2.372086524963379
17901,0.9423391819000244,0.9278159141540527
18001,0.9899606704711914,0.9611155986785889
18101,1.164896011352539,0.9606258869171143
18201,0.6751577854156494,5.294837474822998
18301,0.6194634437561035,4.8393847942352295
18401,0.6919724941253662,0.6896979808807373
18501,0.6145188808441162,0.551372766494751
18601,0.6912810802459717,2.1895129680633545
18701,0.6321053504943848,0.8171267509460449
18801,0.6376688480377197,4.268587827682495
18901,0.6322438716888428,0.5107600688934326
19001,1.0153963565826416,0.8467056751251221
19101,0.6478197574615479,0.6510205268859863
19201,0.6607749462127686,4.366060256958008
19301,0.625136137008667,1.5431036949157715
19401,0.6814754009246826,0.6492650508880615
19501,0.6491012573242188,1.3455336093902588
19601,0.63985276222229,5.780048370361328
19701,0.6838693618774414,4.053722620010376
19801,0.6486444473266602,0.8039360046386719
19901,0.6386170387268066,5.171306848526001
