n,convex_time,os_time
1,0.0005700588226318359,0.0016133785247802734
101,0.003298044204711914,0.0027446746826171875
201,0.0062787532806396484,0.005464076995849609
301,0.009937286376953125,0.008433103561401367
401,0.012975215911865234,0.011743307113647461
501,0.020964384078979492,0.02636551856994629
601,0.03656744956970215,0.026913881301879883
701,0.04444241523742676,0.04274797439575195
801,0.0489044189453125,0.0385737419128418
901,0.054488420486450195,0.057733774185180664
1001,0.061101436614990234,0.043450355529785156
1101,0.07625889778137207,0.07797813415527344
1201,0.07471680641174316,0.07752752304077148
1301,0.07944297790527344,0.09634876251220703
1401,0.08728337287902832,0.08808135986328125
1501,0.09145021438598633,0.07326006889343262
1601,0.10002660751342773,0.08028030395507812
1701,0.10678696632385254,0.11522340774536133
1801,0.10944151878356934,0.08266806602478027
1901,0.1165463924407959,0.15817737579345703
2001,0.12273550033569336,0.09296941757202148
2101,0.13020539283752441,0.09679341316223145
2201,0.1345360279083252,0.13391828536987305
2301,0.14004945755004883,0.1029808521270752
2401,0.15290164947509766,0.2230548858642578
2501,0.15601420402526855,0.21730875968933105
2601,0.16391682624816895,0.12539029121398926
2701,0.16547822952270508,0.1959977149963379
2801,0.17615866661071777,0.3095393180847168
2901,0.17610597610473633,0.3079984188079834
3001,0.18407869338989258,0.2184135913848877
3101,0.18876123428344727,0.26927685737609863
3201,0.19422388076782227,0.16635823249816895
3301,0.20223259925842285,0.31220388412475586
3401,0.20885276794433594,0.3018531799316406
3501,0.21850085258483887,0.1880512237548828
3601,0.21962237358093262,0.17715859413146973
3701,0.22528553009033203,0.18327093124389648
3801,0.24138855934143066,0.34945178031921387
3901,0.2471294403076172,0.38889002799987793
4001,0.24245548248291016,0.32616662979125977
4101,0.2515835762023926,0.20353174209594727
4201,0.2551097869873047,0.39070868492126465
4301,0.26830077171325684,0.5620183944702148
4401,0.26512622833251953,0.504035234451294
4501,0.27660393714904785,0.2244875431060791
4601,0.280651330947876,0.27654027938842773
4701,0.2858390808105469,0.5867738723754883
4801,0.2971839904785156,0.6356964111328125
4901,0.29996490478515625,0.6467633247375488
5001,0.3181772232055664,0.2565584182739258
5101,0.3086729049682617,0.2719390392303467
5201,0.32410717010498047,0.49273157119750977
5301,0.3241860866546631,0.2603940963745117
5401,0.33568906784057617,0.26732945442199707
5501,0.3377413749694824,0.2970602512359619
5601,0.3586008548736572,0.6833102703094482
5701,0.3492140769958496,0.2825312614440918
5801,0.3723597526550293,0.3158605098724365
5901,0.359938383102417,0.3199446201324463
6001,0.3672201633453369,0.3107314109802246
6101,0.39116668701171875,1.0852196216583252
6201,0.3780484199523926,0.46705174446105957
6301,0.39084315299987793,0.412705659866333
6401,0.3917105197906494,0.49471449851989746
6501,0.39653539657592773,1.1287109851837158
6601,0.40480589866638184,0.3109171390533447
6701,0.41078782081604004,1.1851282119750977
6801,0.4203605651855469,0.7066209316253662
6901,0.443239688873291,0.5062086582183838
7001,0.4308204650878906,0.3712601661682129
7101,0.44262075424194336,1.2281763553619385
7201,0.4584310054779053,0.9985408782958984
7301,0.4591360092163086,0.38489580154418945
7401,0.4739706516265869,0.38733696937561035
7501,0.4672994613647461,0.39064812660217285
7601,0.46353650093078613,1.3672139644622803
7701,0.47198915481567383,0.8740317821502686
7801,0.48041629791259766,0.4209260940551758
7901,0.4927186965942383,0.9957864284515381
8001,0.4910285472869873,0.9318888187408447
8101,0.5002217292785645,1.1569359302520752
8201,0.5184156894683838,1.774897575378418
8301,0.5154736042022705,1.5311801433563232
8401,0.525749921798706,0.9379785060882568
8501,0.5239071846008301,0.4602811336517334
8601,0.5277383327484131,1.3336122035980225
8701,0.5392575263977051,0.5719923973083496
8801,0.5547747611999512,0.45360708236694336
8901,0.5624427795410156,1.8134815692901611
9001,0.567049503326416,0.45566892623901367
9101,0.5728974342346191,0.49709057807922363
9201,0.5617334842681885,0.44801998138427734
9301,0.5766804218292236,1.595243215560913
9401,0.5957019329071045,2.1384973526000977
9501,0.5930089950561523,0.45486879348754883
9601,0.5942306518554688,0.4494740962982178
9701,0.6007981300354004,0.5268681049346924
9801,0.6084318161010742,1.4143381118774414
9901,0.6091301441192627,0.5404562950134277
10001,0.6445460319519043,0.49294137954711914
10101,0.6488895416259766,2.00439190864563
10201,0.6346073150634766,1.8640847206115723
10301,0.645723819732666,0.5509073734283447
10401,0.6429450511932373,0.5398116111755371
10501,0.6530346870422363,2.3355157375335693
10601,0.6783266067504883,1.168567180633545
10701,0.6836950778961182,2.282985210418701
10801,0.6966326236724854,0.5680570602416992
10901,0.6900038719177246,0.572458028793335
11001,0.6821370124816895,0.6035599708557129
11101,0.6896905899047852,0.5419881343841553
11201,0.6940910816192627,0.7262582778930664
11301,0.7082474231719971,0.6661777496337891
11401,0.7055509090423584,2.6066107749938965
11501,0.7086441516876221,1.6489849090576172
11601,0.7178957462310791,0.6168467998504639
11701,0.7213003635406494,3.076417922973633
11801,0.7564070224761963,0.6175661087036133
11901,0.7279548645019531,1.807955265045166
12001,0.42360711097717285,0.431549072265625
12101,0.3795955181121826,0.547307014465332
12201,0.45427775382995605,1.0523710250854492
12301,0.3979010581970215,1.2736058235168457
12401,0.3895285129547119,1.2635729312896729
12501,0.4425649642944336,0.306516170501709
12601,0.4123411178588867,2.1351542472839355
12701,0.4637768268585205,1.637930154800415
12801,0.42180705070495605,2.4779531955718994
12901,0.402299165725708,1.4350745677947998
13001,0.4039750099182129,0.39061784744262695
13101,0.44243764877319336,0.3916168212890625
13201,0.4107687473297119,1.3742165565490723
13301,0.4276297092437744,2.7318031787872314
13401,0.41783857345581055,0.4188263416290283
13501,0.43491554260253906,2.8857357501983643
13601,0.42687487602233887,2.4302291870117188
13701,0.5056064128875732,0.8067915439605713
13801,0.431318998336792,0.4445643424987793
13901,0.9263579845428467,2.614387273788452
14001,0.9139652252197266,0.7137959003448486
14101,0.9109048843383789,0.702570915222168
14201,0.9176609516143799,0.6231036186218262
14301,0.9224398136138916,0.7673163414001465
14401,0.9221031665802002,0.6715419292449951
14501,0.9042863845825195,0.7596843242645264
14601,0.9069299697875977,0.7834484577178955
14701,0.9297690391540527,0.7219054698944092
14801,0.922081708908081,0.8624277114868164
14901,0.9572193622589111,5.042635679244995
15001,0.9648489952087402,0.8335835933685303
15101,0.8726537227630615,1.6848204135894775
15201,0.47089099884033203,0.4539642333984375
15301,0.48806190490722656,0.47693824768066406
15401,0.5045974254608154,0.49521970748901367
15501,0.48111438751220703,0.477888822555542
15601,0.4898030757904053,0.5360679626464844
15701,0.5233132839202881,2.192713975906372
15801,0.5596439838409424,0.44533658027648926
15901,0.48175787925720215,0.49245309829711914
16001,0.5233907699584961,0.45889973640441895
16101,0.5156795978546143,0.4539680480957031
16201,0.500234842300415,1.482038974761963
16301,0.5225341320037842,0.48967432975769043
16401,0.5247223377227783,0.9415435791015625
16501,0.5409140586853027,0.5026659965515137
16601,0.5388526916503906,0.5280773639678955
16701,0.5654003620147705,0.5174248218536377
16801,0.5432460308074951,0.5359096527099609
16901,0.5585079193115234,0.5438215732574463
17001,0.5602760314941406,3.94608211517334
17101,0.5204033851623535,0.5466606616973877
17201,0.53128981590271,0.5503575801849365
17301,0.56119704246521,0.5548298358917236
17401,0.5511014461517334,3.7894461154937744
17501,0.532090425491333,3.759028911590576
17601,0.5487558841705322,3.279139518737793
17701,0.5581185817718506,1.339853286743164
17801,0.5471515655517578,0.5549657344818115
17901,0.584620475769043,3.5459916591644287
18001,0.6209943294525146,4.792720317840576
18101,0.5540220737457275,0.5839865207672119
18201,0.6114380359649658,4.929964780807495
18301,0.5682163238525391,3.033353567123413
18401,0.5794503688812256,0.6249144077301025
18501,0.5715904235839844,1.756037950515747
18601,0.5701868534088135,1.9330248832702637
18701,0.6081104278564453,0.49058961868286133
18801,0.6049709320068359,4.832226276397705
18901,0.6173737049102783,0.5745246410369873
19001,0.6507878303527832,3.804833173751831
19101,0.5878369808197021,0.6297917366027832
19201,0.5807762145996094,5.327208995819092
19301,0.5965976715087891,1.2218804359436035
19401,0.600149393081665,0.5868017673492432
19501,0.5903975963592529,4.912893295288086
19601,0.6007900238037109,0.6149530410766602
19701,0.6086111068725586,1.2144510746002197
19801,0.6189689636230469,4.49773097038269
19901,0.6059064865112305,1.3045899868011475
