n,convex_time,os_time
1,0.00021195411682128906,0.0002694129943847656
101,0.01724100112915039,0.004314899444580078
201,0.06563758850097656,0.008523225784301758
301,0.1248941421508789,0.012692451477050781
401,0.04437756538391113,0.01663947105407715
501,0.029942989349365234,0.01899099349975586
601,0.04012441635131836,0.02333831787109375
701,0.07166004180908203,0.016678571701049805
801,0.07621502876281738,0.019467592239379883
901,0.12094569206237793,0.020237445831298828
1001,0.10100054740905762,0.022110939025878906
1101,0.04867053031921387,0.028873205184936523
1201,0.12451863288879395,0.02747201919555664
1301,0.06345629692077637,0.02893662452697754
1401,0.14502263069152832,0.030677318572998047
1501,0.10309386253356934,0.042104482650756836
1601,0.022046327590942383,0.034996986389160156
1701,0.16437029838562012,0.03783869743347168
1801,0.06482291221618652,0.039542436599731445
1901,0.16834020614624023,0.0458524227142334
2001,0.25032687187194824,0.05576133728027344
2101,0.17682409286499023,0.05106091499328613
2201,0.46788740158081055,0.09239029884338379
2301,0.42447447776794434,0.055196523666381836
2401,0.3400757312774658,0.05456423759460449
2501,0.45924997329711914,0.09463930130004883
2601,0.4563009738922119,0.05721449851989746
2701,0.3420891761779785,0.05937075614929199
2801,0.5467090606689453,0.06238126754760742
2901,0.31626462936401367,0.06783556938171387
3001,0.6764822006225586,0.07432126998901367
3101,0.5722577571868896,0.06829190254211426
3201,0.5779058933258057,0.06925845146179199
3301,0.1327967643737793,0.07120180130004883
3401,0.5886189937591553,0.07422494888305664
3501,0.5350222587585449,0.07880163192749023
3601,0.318206787109375,0.07831478118896484
3701,0.05089092254638672,0.08178210258483887
3801,0.7315752506256104,0.08318853378295898
3901,0.4051661491394043,0.13819050788879395
4001,0.1283552646636963,0.09260916709899902
4101,0.3163483142852783,0.09047651290893555
4201,0.4843909740447998,0.10010814666748047
4301,0.13716506958007812,0.09993195533752441
4401,0.7498664855957031,0.10756897926330566
4501,0.3273904323577881,0.10135126113891602
4601,0.3173370361328125,0.10146713256835938
4701,0.5889763832092285,0.10266828536987305
4801,0.7451300621032715,0.17702603340148926
4901,0.14556050300598145,0.1239171028137207
5001,1.1188948154449463,0.1732473373413086
5101,0.46686291694641113,0.11391854286193848
5201,0.7951061725616455,0.11345672607421875
5301,0.2786293029785156,0.12122511863708496
5401,0.33994603157043457,0.14258289337158203
5501,0.7386665344238281,0.12606501579284668
5601,0.5350866317749023,0.13619017601013184
5701,0.6364967823028564,0.1305239200592041
5801,0.9541616439819336,0.13092255592346191
5901,1.5261573791503906,0.13121891021728516
6001,0.8030030727386475,0.14233994483947754
6101,0.6250054836273193,0.13821887969970703
6201,0.9626214504241943,0.13803863525390625
6301,0.5751352310180664,0.14040279388427734
6401,0.2360212802886963,0.21077609062194824
6501,0.33554601669311523,0.14735937118530273
6601,1.4805188179016113,0.16022157669067383
6701,0.8232464790344238,0.15288734436035156
6801,0.5645256042480469,0.14900732040405273
6901,0.6654717922210693,0.15702533721923828
7001,0.30126428604125977,0.1541609764099121
7101,1.9658558368682861,0.1740567684173584
7201,0.26535987854003906,0.1619865894317627
7301,0.8122560977935791,0.1614234447479248
7401,1.7687513828277588,0.1705315113067627
7501,1.3584301471710205,0.32843017578125
7601,3.0804495811462402,0.33668947219848633
7701,1.2101349830627441,0.34286975860595703
7801,2.3068087100982666,0.3197770118713379
7901,1.163820505142212,0.3505561351776123
8001,1.3587868213653564,0.32793688774108887
8101,1.322998285293579,0.3637831211090088
8201,3.0570425987243652,0.33019042015075684
8301,0.9113054275512695,0.3733658790588379
8401,1.6404469013214111,0.34411096572875977
8501,0.35835933685302734,0.3742990493774414
8601,2.859257698059082,0.37599754333496094
8701,2.6262824535369873,0.38460516929626465
8801,1.4886693954467773,0.34761810302734375
8901,0.6710331439971924,0.3600800037384033
9001,1.1640880107879639,0.24547076225280762
9101,0.9783151149749756,0.19569969177246094
9201,2.2908248901367188,0.2172563076019287
9301,1.684751033782959,0.371321439743042
9401,0.2748415470123291,0.21805524826049805
9501,1.2575349807739258,0.24808573722839355
9601,1.2948863506317139,0.27104926109313965
9701,0.8368778228759766,0.21561813354492188
9801,1.310394287109375,0.4034414291381836
9901,2.6387951374053955,0.2178201675415039
10001,2.72529673576355,0.39760684967041016
10101,2.796036958694458,0.40004539489746094
10201,1.8985836505889893,0.39772725105285645
10301,1.04060959815979,0.22674322128295898
10401,3.0483076572418213,0.2348179817199707
10501,1.2852437496185303,0.4205043315887451
10601,1.502288579940796,0.4599802494049072
10701,2.897336959838867,0.4632558822631836
10801,1.8758723735809326,0.4254944324493408
10901,3.2885546684265137,0.44670987129211426
11001,2.5584661960601807,0.48028993606567383
11101,3.46386981010437,0.4390139579772949
11201,4.103539705276489,0.48836207389831543
11301,2.72908616065979,0.46055030822753906
11401,1.6293208599090576,0.4994645118713379
11501,2.0457024574279785,0.502272367477417
11601,2.6118249893188477,0.467409610748291
11701,1.148895263671875,0.5083370208740234
11801,2.0346882343292236,0.5132267475128174
11901,2.330524206161499,0.5165183544158936
12001,2.6088969707489014,0.525346040725708
12101,2.948795795440674,0.42714738845825195
12201,1.2088429927825928,0.5328869819641113
12301,1.43436861038208,0.5090703964233398
12401,2.7695791721343994,0.5372834205627441
12501,1.8136961460113525,0.5411632061004639
12601,2.1053884029388428,0.5503861904144287
12701,5.169016122817993,0.5087721347808838
12801,2.5051801204681396,0.5580673217773438
12901,2.6104347705841064,0.5179574489593506
13001,2.9096436500549316,0.5738346576690674
13101,2.3499958515167236,0.5772383213043213
13201,2.5205490589141846,0.5754871368408203
13301,2.0105342864990234,0.5854570865631104
13401,2.1954286098480225,0.5871379375457764
13501,2.716336250305176,0.5914804935455322
13601,1.6246592998504639,0.592902421951294
13701,0.6011722087860107,0.5569031238555908
13801,4.948732376098633,0.60349440574646
13901,0.9789700508117676,0.6129977703094482
14001,2.7809040546417236,0.6079175472259521
14101,2.0499284267425537,0.6170945167541504
14201,3.1450276374816895,0.6256029605865479
14301,3.3361692428588867,0.5754842758178711
14401,3.028829574584961,0.5919036865234375
14501,0.8445782661437988,0.581763744354248
14601,2.445800542831421,0.6371643543243408
14701,0.34888410568237305,0.6447470188140869
14801,4.283507347106934,0.641376256942749
14901,3.514946937561035,0.6451292037963867
15001,0.6423869132995605,0.6526033878326416
15101,3.2343075275421143,0.6571164131164551
15201,3.7715516090393066,0.6652803421020508
15301,4.2868428230285645,0.6132233142852783
15401,2.572744131088257,0.6725890636444092
15501,5.046460390090942,0.6137573719024658
15601,1.3174464702606201,0.6829228401184082
15701,1.7589542865753174,0.5665526390075684
15801,0.9067633152008057,0.43135666847229004
15901,0.9676132202148438,0.47939157485961914
16001,2.301334857940674,0.370114803314209
16101,3.091355085372925,0.4381141662597656
16201,3.8607800006866455,0.37758803367614746
16301,2.795074462890625,0.4020559787750244
16401,1.3740732669830322,0.45559215545654297
16501,5.2931435108184814,0.35852789878845215
16601,5.7651286125183105,0.7159245014190674
16701,2.5004239082336426,0.7373971939086914
16801,6.1058189868927,0.7354767322540283
16901,1.931889295578003,0.6869041919708252
17001,1.339902639389038,0.741919755935669
17101,3.975372076034546,0.7564411163330078
17201,4.4500572681427,0.75380539894104
17301,1.0895590782165527,0.7630650997161865
17401,2.6542155742645264,0.6988766193389893
17501,2.806748628616333,0.7838642597198486
17601,3.368116855621338,0.78521728515625
17701,3.972726345062256,0.7869477272033691
17801,2.86488676071167,0.3901200294494629
17901,5.3261542320251465,0.7895324230194092
18001,2.709280490875244,0.7615396976470947
18101,4.522515535354614,0.4181516170501709
18201,5.359798431396484,0.41303443908691406
18301,2.671121120452881,0.4177570343017578
18401,1.4456439018249512,0.40323710441589355
18501,1.0057189464569092,0.4158918857574463
18601,1.3578009605407715,0.43521618843078613
18701,2.6684038639068604,0.498152494430542
18801,2.1869001388549805,0.42542409896850586
18901,4.234014987945557,0.42174267768859863
19001,2.5439059734344482,0.8068408966064453
19101,3.2923781871795654,0.8078057765960693
19201,0.545684814453125,0.43068575859069824
19301,6.566759824752808,0.5032670497894287
19401,1.871396780014038,0.8522322177886963
19501,3.086789846420288,0.43119144439697266
19601,1.8914778232574463,0.4357118606567383
19701,5.245508670806885,0.4902820587158203
19801,3.837972402572632,0.4534902572631836
19901,1.8335957527160645,0.44498491287231445
