n,convex_time,os_time
1,0.00011348724365234375,0.0002167224884033203
101,0.03227734565734863,0.002451181411743164
201,0.01052403450012207,0.012233495712280273
301,0.04233837127685547,0.006903171539306641
401,0.014585733413696289,0.00927591323852539
501,0.08415603637695312,0.011462211608886719
601,0.04703712463378906,0.013855218887329102
701,0.02449631690979004,0.015906095504760742
801,0.07388734817504883,0.018072128295898438
901,0.10177326202392578,0.0204927921295166
1001,0.0543673038482666,0.02261519432067871
1101,0.19151926040649414,0.04711103439331055
1201,0.15189123153686523,0.04424405097961426
1301,0.2727978229522705,0.04738569259643555
1401,0.3426477909088135,0.05111408233642578
1501,0.17598652839660645,0.0341339111328125
1601,0.25380921363830566,0.04112887382507324
1701,0.23642444610595703,0.03864002227783203
1801,0.2291886806488037,0.04117155075073242
1901,0.13663578033447266,0.04316282272338867
2001,0.17627859115600586,0.07506036758422852
2101,0.16739392280578613,0.06375002861022949
2201,0.023921966552734375,0.05054283142089844
2301,0.4096198081970215,0.06419014930725098
2401,0.12942099571228027,0.05477452278137207
2501,0.19907307624816895,0.05854368209838867
2601,0.3850834369659424,0.06062006950378418
2701,0.3989388942718506,0.06050562858581543
2801,0.12099552154541016,0.09557700157165527
2901,0.09761762619018555,0.07206583023071289
3001,0.2880728244781494,0.06754851341247559
3101,0.28024983406066895,0.06838369369506836
3201,0.836268424987793,0.0923311710357666
3301,0.9230034351348877,0.13774681091308594
3401,0.8873124122619629,0.13692808151245117
3501,0.20116257667541504,0.12444853782653809
3601,0.797957181930542,0.14693427085876465
3701,0.22855424880981445,0.1534273624420166
3801,1.0558960437774658,0.15715360641479492
3901,1.493408441543579,0.1624438762664795
4001,0.6645972728729248,0.16536450386047363
4101,1.2118051052093506,0.16133904457092285
4201,1.2419428825378418,0.17361950874328613
4301,0.5184421539306641,0.18771767616271973
4401,1.0224688053131104,0.18044543266296387
4501,0.8887588977813721,0.15897011756896973
4601,0.5151517391204834,0.1635148525238037
4701,0.424757719039917,0.16797137260437012
4801,0.9365599155426025,0.1683793067932129
4901,0.40111279487609863,0.16959047317504883
5001,1.964310884475708,0.18234729766845703
5101,1.3626766204833984,0.17944622039794922
5201,1.1804049015045166,0.2121410369873047
5301,0.6347148418426514,0.18561172485351562
5401,0.2533402442932129,0.2381889820098877
5501,0.5113542079925537,0.12401580810546875
5601,1.2607808113098145,0.12659049034118652
5701,0.49284791946411133,0.24492430686950684
5801,1.7840757369995117,0.1359388828277588
5901,0.7934348583221436,0.2080531120300293
6001,1.1949636936187744,0.2104644775390625
6101,0.895592212677002,0.21492362022399902
6201,0.958465576171875,0.2187349796295166
6301,1.174652338027954,0.14199566841125488
6401,0.22584247589111328,0.15275168418884277
6501,1.199570655822754,0.2822847366333008
6601,0.7044780254364014,0.29337286949157715
6701,1.6957247257232666,0.29416322708129883
6801,2.4724619388580322,0.2943887710571289
6901,1.6589477062225342,0.3115713596343994
7001,0.7701699733734131,0.15946245193481445
7101,1.497197151184082,0.16621088981628418
7201,0.45932483673095703,0.19568395614624023
7301,1.3274035453796387,0.19471311569213867
7401,1.3309988975524902,0.2874629497528076
7501,0.29656434059143066,0.20946717262268066
7601,0.5345468521118164,0.1909165382385254
7701,1.6147010326385498,0.17338204383850098
7801,2.2034151554107666,0.35421323776245117
7901,0.25923776626586914,0.1780545711517334
8001,0.33986568450927734,0.1807255744934082
8101,2.2705729007720947,0.19637203216552734
8201,2.1657063961029053,0.3010568618774414
8301,0.9441421031951904,0.2892739772796631
8401,2.4825429916381836,0.29570531845092773
8501,1.159398078918457,0.3755910396575928
8601,2.3737990856170654,0.3069281578063965
8701,0.46157097816467285,0.3796834945678711
8801,3.7114505767822266,0.3645648956298828
8901,1.9400758743286133,0.3607175350189209
9001,1.352654218673706,0.40196776390075684
9101,2.709383249282837,0.3875710964202881
9201,1.9837429523468018,0.40672779083251953
9301,2.674424409866333,0.38513708114624023
9401,0.27493715286254883,0.37885141372680664
9501,1.2783498764038086,0.3839743137359619
9601,0.9447803497314453,0.4179248809814453
9701,2.1044020652770996,0.4310641288757324
9801,1.252929925918579,0.4062964916229248
9901,1.4272136688232422,0.39853882789611816
10001,3.261448860168457,0.43550848960876465
10101,2.4325006008148193,0.44113850593566895
10201,3.4952735900878906,0.42359209060668945
10301,0.6311919689178467,0.44246888160705566
10401,1.2567765712738037,0.2314167022705078
10501,2.946737289428711,0.23467326164245605
10601,2.7340188026428223,0.4703090190887451
10701,1.6030762195587158,0.22865939140319824
10801,2.2493398189544678,0.48055148124694824
10901,3.762188673019409,0.4805912971496582
11001,2.061798572540283,0.23825430870056152
11101,0.6923613548278809,0.24036097526550293
11201,2.5513603687286377,0.23824715614318848
11301,1.5938637256622314,0.31349611282348633
11401,2.2140963077545166,0.24404692649841309
11501,1.1692562103271484,0.4802277088165283
11601,1.8676226139068604,0.519371509552002
11701,1.9853265285491943,0.5147535800933838
11801,3.3823297023773193,0.5219275951385498
11901,2.793060302734375,0.5269901752471924
12001,2.335148334503174,0.5315463542938232
12101,1.1865451335906982,0.5347743034362793
12201,2.2230114936828613,0.5391786098480225
12301,1.7319791316986084,0.39604711532592773
12401,1.910569429397583,0.5442986488342285
12501,2.020972490310669,0.5537319183349609
12601,2.6478333473205566,0.5280959606170654
12701,2.3767473697662354,0.5565147399902344
12801,2.4242165088653564,0.5604367256164551
12901,1.9312245845794678,0.5158083438873291
13001,0.9491684436798096,0.542816162109375
13101,3.621955633163452,0.5769326686859131
13201,1.8721747398376465,0.5840358734130859
13301,1.6100354194641113,0.5830543041229248
13401,1.919862985610962,0.5626335144042969
13501,2.659876823425293,0.5925695896148682
13601,2.911813259124756,0.5964117050170898
13701,0.4576435089111328,0.589529275894165
13801,4.4356300830841064,0.5889639854431152
13901,0.9344618320465088,0.5924818515777588
14001,6.0846405029296875,0.6256649494171143
14101,1.8937890529632568,0.6310043334960938
14201,4.641129732131958,0.6322927474975586
14301,2.334524631500244,0.590388298034668
14401,6.256006240844727,0.6429886817932129
14501,2.8355765342712402,0.6380817890167236
14601,3.329033136367798,0.6355969905853271
14701,1.8840665817260742,0.6463601589202881
14801,2.921541690826416,0.6482057571411133
14901,4.415615558624268,0.6570355892181396
15001,1.759427785873413,0.62807297706604
15101,2.708108425140381,0.6592075824737549
15201,2.8117244243621826,0.6139144897460938
15301,4.575057029724121,0.6582562923431396
15401,1.463465929031372,0.6742866039276123
15501,1.1464195251464844,0.3405799865722656
15601,2.0656583309173584,0.6751155853271484
15701,1.388946771621704,0.3514871597290039
15801,1.010385274887085,0.3564934730529785
15901,1.5310440063476562,0.355851411819458
16001,1.5130605697631836,0.6268298625946045
16101,3.9771835803985596,0.7017562389373779
16201,2.4636237621307373,0.6941230297088623
16301,4.224347352981567,0.7207815647125244
16401,3.1454334259033203,0.6975531578063965
16501,3.2305643558502197,0.7289896011352539
16601,1.4927852153778076,0.738365650177002
16701,7.069541931152344,0.7280838489532471
16801,5.642746448516846,0.6974048614501953
16901,4.979964256286621,0.7428145408630371
17001,1.8804383277893066,0.701866626739502
17101,0.8633890151977539,0.7550723552703857
17201,2.186411142349243,0.6921617984771729
17301,3.7292582988739014,0.7559821605682373
17401,2.6874868869781494,0.7204346656799316
17501,2.4087491035461426,0.7628307342529297
17601,3.567972421646118,0.7499163150787354
17701,1.2992796897888184,0.7141547203063965
17801,1.431732177734375,0.4926290512084961
17901,2.174628734588623,0.44605541229248047
18001,2.5803613662719727,0.4923553466796875
18101,1.7918918132781982,0.42305874824523926
18201,1.0562124252319336,0.3937714099884033
18301,2.023653030395508,0.44159603118896484
18401,1.4525809288024902,0.39627718925476074
18501,2.7392311096191406,0.44863414764404297
18601,3.490650177001953,0.40360403060913086
18701,0.8413684368133545,0.4181978702545166
18801,3.165022134780884,0.43320751190185547
18901,3.169083595275879,0.8357768058776855
19001,4.0009565353393555,0.8404080867767334
19101,4.798759460449219,0.8398652076721191
19201,10.18296504020691,0.8461453914642334
19301,6.850489854812622,0.8640639781951904
19401,3.6607985496520996,0.8511180877685547
19501,5.900856018066406,0.8552570343017578
19601,1.7596817016601562,0.8635525703430176
19701,1.05082368850708,0.8141467571258545
19801,3.764854907989502,0.7106256484985352
19901,4.537189483642578,0.8741881847381592
