n,convex_time,os_time
1,0.00013947486877441406,0.0002799034118652344
101,0.01237177848815918,0.00492095947265625
201,0.057283878326416016,0.009675741195678711
301,0.027758121490478516,0.013845205307006836
401,0.10222411155700684,0.01859259605407715
501,0.17858028411865234,0.022881507873535156
601,0.08857965469360352,0.02759718894958496
701,0.13229060173034668,0.030803203582763672
801,0.24274587631225586,0.03679037094116211
901,0.2092447280883789,0.04080986976623535
1001,0.21226882934570312,0.045323848724365234
1101,0.35268616676330566,0.049767255783081055
1201,0.05245614051818848,0.04958677291870117
1301,0.34981298446655273,0.05369710922241211
1401,0.11524534225463867,0.06285667419433594
1501,0.3662419319152832,0.06601190567016602
1601,0.7521812915802002,0.0711982250213623
1701,0.3768625259399414,0.07660126686096191
1801,0.3969764709472656,0.08136582374572754
1901,0.39397239685058594,0.08520913124084473
2001,0.6010677814483643,0.08925223350524902
2101,0.9980990886688232,0.0875082015991211
2201,0.8779752254486084,0.08415532112121582
2301,0.3386874198913574,0.10012006759643555
2401,0.20151972770690918,0.10615277290344238
2501,0.5068235397338867,0.10788321495056152
2601,0.7219488620758057,0.11231112480163574
2701,0.345991849899292,0.1250441074371338
2801,0.7652537822723389,0.12587618827819824
2901,0.8823907375335693,0.12793302536010742
3001,0.47509121894836426,0.13544034957885742
3101,0.7884814739227295,0.1372513771057129
3201,0.7339718341827393,0.14382553100585938
3301,0.20617389678955078,0.07576346397399902
3401,0.545557975769043,0.07497429847717285
3501,0.6102633476257324,0.07809185981750488
3601,0.5923252105712891,0.07884716987609863
3701,1.3671379089355469,0.1313929557800293
3801,0.684699296951294,0.1708226203918457
3901,0.8809101581573486,0.1567986011505127
4001,0.35005640983581543,0.09126448631286621
4101,0.3315293788909912,0.09360170364379883
4201,0.659559965133667,0.09824538230895996
4301,0.27802562713623047,0.09719681739807129
4401,0.2671205997467041,0.14464569091796875
4501,0.25652575492858887,0.10419583320617676
4601,0.4832439422607422,0.10189223289489746
4701,0.3706223964691162,0.10409903526306152
4801,0.7170567512512207,0.11052656173706055
4901,0.1375129222869873,0.11650967597961426
5001,0.644336462020874,0.11648321151733398
5101,1.6257197856903076,0.11279010772705078
5201,0.6698312759399414,0.2163398265838623
5301,1.0994155406951904,0.23680830001831055
5401,0.9795088768005371,0.23840713500976562
5501,0.9058284759521484,0.24564719200134277
5601,0.7373714447021484,0.2479689121246338
5701,0.86100172996521,0.25379514694213867
5801,1.088796615600586,0.2441873550415039
5901,1.4079670906066895,0.263721227645874
6001,1.7426002025604248,0.2447061538696289
6101,0.8094427585601807,0.26932263374328613
6201,1.6443274021148682,0.27737903594970703
6301,0.40648436546325684,0.26263976097106934
6401,1.8111813068389893,0.28476905822753906
6501,0.49595141410827637,0.25885939598083496
6601,0.2811896800994873,0.29804158210754395
6701,0.5108339786529541,0.3080019950866699
6801,1.968235731124878,0.2948331832885742
6901,0.5548205375671387,0.30554962158203125
7001,1.5290985107421875,0.31406283378601074
7101,1.4790420532226562,0.3176398277282715
7201,1.324207067489624,0.30848002433776855
7301,1.0661261081695557,0.32254981994628906
7401,1.7912397384643555,0.29505014419555664
7501,3.0147652626037598,0.32781434059143066
7601,1.6221160888671875,0.3347358703613281
7701,0.7330749034881592,0.337935209274292
7801,1.057671070098877,0.33023786544799805
7901,0.4470102787017822,0.3467984199523926
8001,1.6700358390808105,0.31620216369628906
8101,0.8558096885681152,0.3550596237182617
8201,0.7352209091186523,0.3531453609466553
8301,2.315690279006958,0.3613455295562744
8401,1.5266051292419434,0.36977362632751465
8501,1.2523062229156494,0.3738977909088135
8601,0.5261774063110352,0.3746047019958496
8701,1.049515962600708,0.38120126724243164
8801,1.3385004997253418,0.3606569766998291
8901,2.361356258392334,0.3876960277557373
9001,1.183572769165039,0.35771870613098145
9101,1.3143010139465332,0.39577436447143555
9201,2.310650110244751,0.40190744400024414
9301,0.6029317378997803,0.40949320793151855
9401,3.7368006706237793,0.37017297744750977
9501,0.8865642547607422,0.41797804832458496
9601,1.6241273880004883,0.41947078704833984
9701,1.9309003353118896,0.42133259773254395
9801,1.7325758934020996,0.42693305015563965
9901,2.0224215984344482,0.4264981746673584
10001,1.072695016860962,0.43401169776916504
10101,0.8794622421264648,0.4408383369445801
10201,0.9408209323883057,0.4123234748840332
10301,1.2826528549194336,0.4214365482330322
10401,2.069225311279297,0.45282959938049316
10501,1.8850276470184326,0.4592113494873047
10601,1.4621386528015137,0.4231588840484619
10701,1.6948552131652832,0.4627223014831543
10801,0.12363862991333008,0.43262314796447754
10901,1.4388000965118408,0.3253958225250244
11001,1.7897381782531738,0.26167869567871094
11101,1.8251996040344238,0.24546408653259277
11201,0.9635732173919678,0.25891566276550293
11301,0.7433338165283203,0.2654860019683838
11401,1.781714677810669,0.2496187686920166
11501,1.499323844909668,0.2554194927215576
11601,0.5947535037994385,0.256608247756958
11701,0.6568119525909424,0.278247594833374
11801,1.9908208847045898,0.264664888381958
11901,3.2005274295806885,0.361583948135376
12001,3.7027111053466797,0.487900972366333
12101,1.2740120887756348,0.2663595676422119
12201,1.3732044696807861,0.2661294937133789
12301,1.40706467628479,0.5456690788269043
12401,1.6064889430999756,0.5054836273193359
12501,1.9824800491333008,0.5658950805664062
12601,1.306304693222046,0.5666728019714355
12701,0.2834186553955078,0.5699870586395264
12801,3.7621843814849854,0.5930972099304199
12901,2.452773332595825,0.5715599060058594
13001,3.7583539485931396,0.5273265838623047
13101,1.4990942478179932,0.5280609130859375
13201,1.1800334453582764,0.5840778350830078
13301,3.7175986766815186,0.5912435054779053
13401,0.5837879180908203,0.5929489135742188
13501,0.9147646427154541,0.5709273815155029
13601,1.3497636318206787,0.6058402061462402
13701,2.169203758239746,0.6089894771575928
13801,3.8308732509613037,0.6106812953948975
13901,4.020664215087891,0.5572986602783203
14001,0.8044767379760742,0.5646121501922607
14101,1.4807929992675781,0.6201009750366211
14201,3.2150230407714844,0.5940244197845459
14301,1.913313865661621,0.612741231918335
14401,2.271132707595825,0.6174461841583252
14501,4.33824896812439,0.6366004943847656
14601,0.47020578384399414,0.5914771556854248
14701,1.5086066722869873,0.6490545272827148
14801,1.3161802291870117,0.6054630279541016
14901,5.826498985290527,0.660466194152832
15001,2.13582444190979,0.6621880531311035
15101,3.197140693664551,0.6122744083404541
15201,6.291206359863281,0.6748607158660889
15301,2.3917620182037354,0.6237521171569824
15401,3.445293664932251,0.6717135906219482
15501,4.968824148178101,0.6344156265258789
15601,1.9521594047546387,0.6342117786407471
15701,4.042375326156616,0.6910521984100342
15801,2.3038415908813477,0.6878771781921387
15901,4.786251068115234,0.3410334587097168
16001,4.988891363143921,0.635063648223877
16101,7.6301984786987305,0.6996512413024902
16201,0.9181885719299316,0.4472813606262207
16301,2.773974657058716,0.35077452659606934
16401,4.11897873878479,0.7179543972015381
16501,3.278500556945801,0.6637842655181885
16601,0.5665907859802246,0.51678466796875
16701,2.2421483993530273,0.4031095504760742
16801,2.867248773574829,0.36711907386779785
16901,3.825383424758911,0.3648252487182617
17001,4.238029956817627,0.7673294544219971
17101,4.580937147140503,0.7598388195037842
17201,3.1386022567749023,0.76173996925354
17301,1.8601858615875244,0.7759609222412109
17401,2.3012685775756836,0.39458417892456055
17501,1.4994354248046875,0.3928864002227783
17601,2.4563956260681152,0.3820645809173584
17701,3.0548148155212402,0.7398676872253418
17801,3.160578966140747,0.7312545776367188
17901,6.300198793411255,0.7875621318817139
18001,3.90134596824646,0.7845752239227295
18101,3.1554646492004395,0.7410082817077637
18201,2.397505044937134,0.789006233215332
18301,6.290709495544434,0.7962973117828369
18401,2.301657199859619,0.8009281158447266
18501,6.3916239738464355,0.8064265251159668
18601,3.969754457473755,0.8018488883972168
18701,5.756342172622681,0.8142437934875488
18801,5.326081275939941,0.8205511569976807
18901,6.924450635910034,0.8308758735656738
19001,5.38547158241272,0.7765414714813232
19101,3.3212311267852783,0.8392670154571533
19201,5.574256181716919,0.8051600456237793
19301,3.1168439388275146,0.7971396446228027
19401,4.412762403488159,0.8444032669067383
19501,5.148775100708008,0.7971727848052979
19601,5.584436893463135,0.7914493083953857
19701,5.5701003074646,0.7885904312133789
19801,4.848757743835449,0.8367416858673096
19901,5.035777807235718,0.7996342182159424
