n,convex_time,os_time
1,0.00011849403381347656,0.0002827644348144531
101,0.0016319751739501953,0.00484466552734375
201,0.0018892288208007812,0.009263277053833008
301,0.0028083324432373047,0.01379704475402832
401,0.0032432079315185547,0.016870975494384766
501,0.004023551940917969,0.020540237426757812
601,0.004655599594116211,0.024875640869140625
701,0.005438327789306641,0.029763460159301758
801,0.006495952606201172,0.03314781188964844
901,0.00672459602355957,0.035192251205444336
1001,0.00829458236694336,0.045336246490478516
1101,0.008391141891479492,0.05005598068237305
1201,0.009835958480834961,0.05746769905090332
1301,0.009822607040405273,0.05887007713317871
1401,0.01270604133605957,0.058257102966308594
1501,0.010942459106445312,0.06098055839538574
1601,0.012082576751708984,0.06281471252441406
1701,0.012580633163452148,0.08339738845825195
1801,0.01321268081665039,0.08736133575439453
1901,0.019551753997802734,0.08866381645202637
2001,0.015040874481201172,0.08161687850952148
2101,0.01697540283203125,0.08109307289123535
2201,0.016012191772460938,0.09827780723571777
2301,0.017087697982788086,0.10714936256408691
2401,0.021999597549438477,0.0981588363647461
2501,0.01892542839050293,0.0982513427734375
2601,0.0186460018157959,0.11674189567565918
2701,0.01963210105895996,0.12021136283874512
2801,0.02575969696044922,0.1135110855102539
2901,0.02101421356201172,0.11230683326721191
3001,0.021281957626342773,0.13453149795532227
3101,0.02520012855529785,0.12668633460998535
3201,0.028415203094482422,0.13699793815612793
3301,0.023968219757080078,0.1482079029083252
3401,0.02479410171508789,0.1378035545349121
3501,0.031094074249267578,0.13153719902038574
3601,0.02601456642150879,0.1668555736541748
3701,0.026114702224731445,0.14930462837219238
3801,0.03308701515197754,0.17193818092346191
3901,0.027688980102539062,0.17111539840698242
4001,0.03007364273071289,0.16632938385009766
4101,0.0318601131439209,0.19613003730773926
4201,0.031449079513549805,0.1787419319152832
4301,0.03702044486999512,0.19136381149291992
4401,0.031179189682006836,0.19473719596862793
4501,0.03264212608337402,0.22032403945922852
4601,0.03310585021972656,0.20663237571716309
4701,0.03628110885620117,0.20368361473083496
4801,0.04424691200256348,0.22498512268066406
4901,0.036235809326171875,0.22622346878051758
5001,0.022849559783935547,0.15323281288146973
5101,0.02673172950744629,0.13091206550598145
5201,0.025697708129882812,0.11951422691345215
5301,0.01985955238342285,0.11775684356689453
5401,0.04468989372253418,0.22704315185546875
5501,0.04050326347351074,0.2637803554534912
5601,0.04595756530761719,0.24048900604248047
5701,0.041301727294921875,0.25722312927246094
5801,0.05031728744506836,0.24505877494812012
5901,0.04417157173156738,0.25472164154052734
6001,0.043959617614746094,0.26576757431030273
6101,0.05252337455749512,0.24750351905822754
6201,0.037116050720214844,0.2789497375488281
6301,0.050130367279052734,0.19193720817565918
6401,0.024710416793823242,0.13949036598205566
6501,0.030016422271728516,0.14555573463439941
6601,0.03141283988952637,0.1716623306274414
6701,0.026238679885864258,0.1750962734222412
6801,0.03288078308105469,0.17428016662597656
6901,0.05751633644104004,0.2905690670013428
7001,0.05286407470703125,0.3156464099884033
7101,0.03101348876953125,0.16061067581176758
7201,0.053551673889160156,0.17516779899597168
7301,0.028743267059326172,0.3190302848815918
7401,0.03855729103088379,0.1853349208831787
7501,0.03359627723693848,0.21869802474975586
7601,0.02968001365661621,0.17088723182678223
7701,0.05771327018737793,0.3247561454772949
7801,0.06333041191101074,0.3489389419555664
7901,0.06794977188110352,0.34013986587524414
8001,0.03139495849609375,0.34795689582824707
8101,0.03136801719665527,0.1804370880126953
8201,0.03547096252441406,0.20279693603515625
8301,0.07343125343322754,0.255171537399292
8401,0.06871294975280762,0.3279073238372803
8501,0.0320277214050293,0.24514126777648926
8601,0.0631403923034668,0.27015018463134766
8701,0.06994247436523438,0.41432976722717285
8801,0.07437944412231445,0.3683316707611084
8901,0.0759742259979248,0.3871591091156006
9001,0.07513618469238281,0.40321969985961914
9101,0.06543707847595215,0.3889503479003906
9201,0.06678628921508789,0.4006493091583252
9301,0.0703878402709961,0.4443185329437256
9401,0.07562017440795898,0.4166834354400635
9501,0.07657814025878906,0.505882740020752
9601,0.04152083396911621,0.40146541595458984
9701,0.042556047439575195,0.21680283546447754
9801,0.042448997497558594,0.2268812656402588
9901,0.048703670501708984,0.2572338581085205
10001,0.0443577766418457,0.22511553764343262
10101,0.0627894401550293,0.21781301498413086
10201,0.0854487419128418,0.32183122634887695
10301,0.04646873474121094,0.36831140518188477
10401,0.05048704147338867,0.23482108116149902
10501,0.05001425743103027,0.3251163959503174
10601,0.04851222038269043,0.2382819652557373
10701,0.07794070243835449,0.4845297336578369
10801,0.08939862251281738,0.49346303939819336
10901,0.08815908432006836,0.5010204315185547
11001,0.09167742729187012,0.5558154582977295
11101,0.09270477294921875,0.45180392265319824
11201,0.08934664726257324,0.4779825210571289
11301,0.09264445304870605,0.5235059261322021
11401,0.09104561805725098,0.5053799152374268
11501,0.09446501731872559,0.4598979949951172
11601,0.08471918106079102,0.5215799808502197
11701,0.09627747535705566,0.5262851715087891
11801,0.09627366065979004,0.5256357192993164
11901,0.09822797775268555,0.5487382411956787
12001,0.09712982177734375,0.6398932933807373
12101,0.09957408905029297,0.5441370010375977
12201,0.09555959701538086,0.639549970626831
12301,0.08959031105041504,0.544996976852417
12401,0.10090517997741699,0.5458235740661621
12501,0.10019493103027344,0.6172127723693848
12601,0.10385608673095703,0.6892306804656982
12701,0.10093379020690918,0.5943646430969238
12801,0.1099400520324707,0.5470795631408691
12901,0.10479307174682617,0.5314645767211914
13001,0.10488414764404297,0.5669221878051758
13101,0.10628604888916016,0.5652556419372559
13201,0.11036419868469238,0.6917481422424316
13301,0.11049318313598633,0.5679998397827148
13401,0.10722970962524414,0.54282546043396
13501,0.10471391677856445,0.6742894649505615
13601,0.11380553245544434,0.6396887302398682
13701,0.11278367042541504,0.7763583660125732
13801,0.059041500091552734,0.40586066246032715
13901,0.06648445129394531,0.42195987701416016
14001,0.1186370849609375,0.684152364730835
14101,0.11000204086303711,0.6801669597625732
14201,0.11523103713989258,0.6300580501556396
14301,0.12209463119506836,0.7496964931488037
14401,0.13115549087524414,0.7534072399139404
14501,0.11719632148742676,0.6080625057220459
14601,0.11703705787658691,0.6597926616668701
14701,0.11850214004516602,0.6437957286834717
14801,0.11789703369140625,0.6462891101837158
14901,0.1343994140625,0.7590909004211426
15001,0.11954665184020996,0.6324760913848877
15101,0.12210607528686523,0.6301226615905762
15201,0.14872384071350098,0.647784948348999
15301,0.06428885459899902,0.34238219261169434
15401,0.1321713924407959,0.41825151443481445
15501,0.1255478858947754,0.7875101566314697
15601,0.1251988410949707,0.8505561351776123
15701,0.12442731857299805,0.8074729442596436
15801,0.12315940856933594,0.6406276226043701
15901,0.12560820579528809,0.7753798961639404
16001,0.1289196014404297,0.6247241497039795
16101,0.13886809349060059,0.6884479522705078
16201,0.1306321620941162,0.8336634635925293
16301,0.10014581680297852,0.7195479869842529
16401,0.12842965126037598,0.861983060836792
16501,0.07685542106628418,0.5188982486724854
16601,0.08784008026123047,0.3698000907897949
16701,0.07280349731445312,0.3893282413482666
16801,0.08209896087646484,0.5057404041290283
16901,0.07449889183044434,0.44121408462524414
17001,0.10849761962890625,0.5563185214996338
17101,0.14893507957458496,0.668616533279419
17201,0.07378029823303223,0.38484859466552734
17301,0.07645535469055176,0.4136371612548828
17401,0.08320498466491699,0.4958679676055908
17501,0.07766485214233398,0.40152883529663086
17601,0.13698267936706543,0.8482329845428467
17701,0.08522987365722656,0.39919543266296387
17801,0.12367081642150879,0.5568044185638428
17901,0.0778191089630127,0.40518784523010254
18001,0.15980029106140137,0.7320809364318848
18101,0.15719366073608398,0.8360276222229004
18201,0.14802169799804688,0.7409491539001465
18301,0.15516877174377441,0.7939693927764893
18401,0.10364055633544922,0.5338406562805176
18501,0.09156107902526855,0.6249399185180664
18601,0.07879233360290527,0.4417238235473633
18701,0.14219999313354492,0.8349559307098389
18801,0.08508896827697754,0.5314161777496338
18901,0.09020113945007324,0.568490743637085
19001,0.09822392463684082,0.6405267715454102
19101,0.10460448265075684,0.5897676944732666
19201,0.08093953132629395,0.5217475891113281
19301,0.09800887107849121,0.44695258140563965
19401,0.15356707572937012,0.805288553237915
19501,0.15470600128173828,0.699223518371582
19601,0.17357325553894043,0.7921743392944336
19701,0.16270995140075684,1.0781502723693848
19801,0.17022395133972168,0.9211311340332031
19901,0.17347097396850586,0.9330916404724121
