n,convex_time,os_time
1,0.00017571449279785156,0.00028133392333984375
101,0.0011153221130371094,0.004817008972167969
201,0.0020110607147216797,0.009468317031860352
301,0.0026144981384277344,0.014023303985595703
401,0.003232240676879883,0.018569469451904297
501,0.004053592681884766,0.024686098098754883
601,0.004640102386474609,0.027554988861083984
701,0.005429983139038086,0.032686471939086914
801,0.006071805953979492,0.03760647773742676
901,0.006718873977661133,0.04303884506225586
1001,0.012771844863891602,0.04559731483459473
1101,0.009137868881225586,0.05053114891052246
1201,0.008812904357910156,0.05371737480163574
1301,0.01079869270324707,0.054596900939941406
1401,0.010259151458740234,0.057952880859375
1501,0.011426448822021484,0.0630183219909668
1601,0.011997222900390625,0.060835838317871094
1701,0.013741731643676758,0.07692718505859375
1801,0.018597126007080078,0.08512568473815918
1901,0.013997554779052734,0.09628605842590332
2001,0.014438152313232422,0.09426522254943848
2101,0.015789508819580078,0.08797097206115723
2201,0.015612125396728516,0.09200048446655273
2301,0.023598909378051758,0.0967552661895752
2401,0.018039464950561523,0.09591960906982422
2501,0.01815319061279297,0.1136622428894043
2601,0.018458127975463867,0.12323307991027832
2701,0.019552946090698242,0.12144064903259277
2801,0.019817352294921875,0.11665964126586914
2901,0.021221160888671875,0.1195826530456543
3001,0.021409273147583008,0.14400553703308105
3101,0.0283510684967041,0.1623530387878418
3201,0.02324056625366211,0.14676642417907715
3301,0.02437877655029297,0.14366936683654785
3401,0.024121522903442383,0.13396263122558594
3501,0.025547504425048828,0.1588447093963623
3601,0.025972604751586914,0.17707014083862305
3701,0.02660226821899414,0.17349576950073242
3801,0.02782297134399414,0.19127893447875977
3901,0.027882099151611328,0.17130112648010254
4001,0.0343317985534668,0.18207859992980957
4101,0.030544519424438477,0.17187786102294922
4201,0.02991509437561035,0.17885494232177734
4301,0.0382540225982666,0.19194507598876953
4401,0.030867576599121094,0.1987779140472412
4501,0.03929853439331055,0.20569348335266113
4601,0.033885955810546875,0.1708848476409912
4701,0.034508705139160156,0.21325182914733887
4801,0.03416275978088379,0.2139596939086914
4901,0.03483867645263672,0.21372270584106445
5001,0.03608202934265137,0.19134736061096191
5101,0.03645753860473633,0.2509729862213135
5201,0.043478965759277344,0.21640539169311523
5301,0.03860044479370117,0.19781231880187988
5401,0.04335355758666992,0.24385404586791992
5501,0.039168596267700195,0.23965835571289062
5601,0.04231381416320801,0.23209667205810547
5701,0.04054975509643555,0.25359225273132324
5801,0.04265284538269043,0.25969386100769043
5901,0.049770355224609375,0.22638583183288574
6001,0.0423583984375,0.2739267349243164
6101,0.05161571502685547,0.268115758895874
6201,0.045248985290527344,0.26577234268188477
6301,0.05193686485290527,0.2946031093597412
6401,0.05889463424682617,0.30010414123535156
6501,0.04594707489013672,0.3387105464935303
6601,0.054157257080078125,0.2705810070037842
6701,0.0485689640045166,0.3589630126953125
6801,0.04889822006225586,0.29630255699157715
6901,0.05611753463745117,0.26610803604125977
7001,0.050513505935668945,0.31154489517211914
7101,0.05129504203796387,0.297717809677124
7201,0.060476064682006836,0.3232381343841553
7301,0.051763296127319336,0.3202645778656006
7401,0.05264449119567871,0.3169217109680176
7501,0.0612642765045166,0.35959768295288086
7601,0.06217384338378906,0.3798515796661377
7701,0.055532217025756836,0.3457179069519043
7801,0.06502556800842285,0.3596017360687256
7901,0.06262969970703125,0.35144543647766113
8001,0.06468081474304199,0.33638548851013184
8101,0.05898165702819824,0.365009069442749
8201,0.059060096740722656,0.41170287132263184
8301,0.0666966438293457,0.4156942367553711
8401,0.06790876388549805,0.3478727340698242
8501,0.06926727294921875,0.47961878776550293
8601,0.06171298027038574,0.42524075508117676
8701,0.06437206268310547,0.39190101623535156
8801,0.0694437026977539,0.3719460964202881
8901,0.07044124603271484,0.3992321491241455
9001,0.07615900039672852,0.3738400936126709
9101,0.07362055778503418,0.41794633865356445
9201,0.08117938041687012,0.4912540912628174
9301,0.06999659538269043,0.421741247177124
9401,0.06682133674621582,0.40117907524108887
9501,0.06805562973022461,0.4217097759246826
9601,0.0741279125213623,0.38288307189941406
9701,0.05955147743225098,0.32897400856018066
9801,0.045032501220703125,0.22655034065246582
9901,0.07943844795227051,0.3453183174133301
10001,0.08236956596374512,0.4215888977050781
10101,0.08159112930297852,0.4434545040130615
10201,0.08072066307067871,0.5371437072753906
10301,0.0819089412689209,0.5057246685028076
10401,0.08452415466308594,0.5687882900238037
10501,0.08379793167114258,0.47286462783813477
10601,0.08766603469848633,0.5809109210968018
10701,0.08719468116760254,0.45804548263549805
10801,0.08516192436218262,0.5663068294525146
10901,0.08505845069885254,0.47104501724243164
11001,0.08590865135192871,0.5851635932922363
11101,0.08951783180236816,0.6057565212249756
11201,0.08679866790771484,0.6208548545837402
11301,0.08640432357788086,0.5011467933654785
11401,0.09248757362365723,0.6064352989196777
11501,0.08388996124267578,0.5171763896942139
11601,0.09415841102600098,0.5260999202728271
11701,0.09492182731628418,0.5317809581756592
11801,0.10146474838256836,0.5448188781738281
11901,0.09441947937011719,0.46756911277770996
12001,0.09380102157592773,0.49510908126831055
12101,0.09613847732543945,0.520012617111206
12201,0.09085202217102051,0.5076689720153809
12301,0.10218119621276855,0.5441739559173584
12401,0.10131025314331055,0.6039531230926514
12501,0.10342240333557129,0.5348048210144043
12601,0.09940075874328613,0.5714099407196045
12701,0.09839844703674316,0.5470657348632812
12801,0.10922002792358398,0.6856725215911865
12901,0.10795903205871582,0.7102696895599365
13001,0.10320115089416504,0.7253851890563965
13101,0.10161495208740234,0.5583570003509521
13201,0.10700201988220215,0.6345939636230469
13301,0.10512757301330566,0.45432472229003906
13401,0.10445952415466309,0.6379203796386719
13501,0.11154651641845703,0.7311944961547852
13601,0.10863780975341797,0.604931116104126
13701,0.10798954963684082,0.6249525547027588
13801,0.10457324981689453,0.7594716548919678
13901,0.11132478713989258,0.6532881259918213
14001,0.10890030860900879,0.6296393871307373
14101,0.12223458290100098,0.7012631893157959
14201,0.07321548461914062,0.3229715824127197
14301,0.0637810230255127,0.6141536235809326
14401,0.09042191505432129,0.3381822109222412
14501,0.07038068771362305,0.3267405033111572
14601,0.06080484390258789,0.32563042640686035
14701,0.07103800773620605,0.3441789150238037
14801,0.11592888832092285,0.37972331047058105
14901,0.11931610107421875,0.6192483901977539
15001,0.11815333366394043,0.6888740062713623
15101,0.12504267692565918,0.3714728355407715
15201,0.12551021575927734,0.6075308322906494
15301,0.13056325912475586,0.6603865623474121
15401,0.12769794464111328,0.8345072269439697
15501,0.13032913208007812,0.6282081604003906
15601,0.12258744239807129,0.6349644660949707
15701,0.07636117935180664,0.5663154125213623
15801,0.12529683113098145,0.4593803882598877
15901,0.0819706916809082,0.6306533813476562
16001,0.12585020065307617,0.7708313465118408
16101,0.07662653923034668,0.39847493171691895
16201,0.07069063186645508,0.38984179496765137
16301,0.07277965545654297,0.39060115814208984
16401,0.06989359855651855,0.49748659133911133
16501,0.07226848602294922,0.37033700942993164
16601,0.151336669921875,0.6047265529632568
16701,0.13764333724975586,0.8332459926605225
16801,0.13325119018554688,0.7135753631591797
16901,0.13195347785949707,0.7403876781463623
17001,0.13533282279968262,1.0007150173187256
17101,0.09253883361816406,0.7472434043884277
17201,0.1332545280456543,0.4140915870666504
17301,0.07903075218200684,0.7345836162567139
17401,0.08312106132507324,0.5213131904602051
17501,0.08078694343566895,0.44438600540161133
17601,0.08012127876281738,0.4806082248687744
17701,0.08304977416992188,0.5534894466400146
17801,0.0961611270904541,0.5126614570617676
17901,0.07800698280334473,0.41076159477233887
18001,0.15153098106384277,0.6131384372711182
18101,0.08643221855163574,0.631234884262085
18201,0.14203691482543945,0.6406135559082031
18301,0.08481669425964355,0.4044160842895508
18401,0.08602023124694824,0.6125814914703369
18501,0.0925135612487793,0.42227840423583984
18601,0.15697932243347168,0.8589920997619629
18701,0.1463165283203125,0.777390718460083
18801,0.08314394950866699,0.7690105438232422
18901,0.15572309494018555,0.8521933555603027
19001,0.15694046020507812,1.067992925643921
19101,0.10672545433044434,0.4349846839904785
19201,0.09220266342163086,0.4290337562561035
19301,0.08452248573303223,0.43453168869018555
19401,0.1541142463684082,0.7342195510864258
19501,0.15712404251098633,0.8244998455047607
19601,0.15612363815307617,0.8212199211120605
19701,0.10128545761108398,0.4770174026489258
19801,0.09511947631835938,0.5711355209350586
19901,0.10001230239868164,0.6205811500549316
