n,convex_time,os_time
1,0.00011777877807617188,0.0002970695495605469
101,0.0011653900146484375,0.0047550201416015625
201,0.0018074512481689453,0.009360074996948242
301,0.002505064010620117,0.01386404037475586
401,0.0032339096069335938,0.01829981803894043
501,0.004251241683959961,0.022752046585083008
601,0.004770040512084961,0.027527570724487305
701,0.006239175796508789,0.03206276893615723
801,0.006024599075317383,0.03655195236206055
901,0.006736040115356445,0.041159868240356445
1001,0.007523059844970703,0.045694828033447266
1101,0.00814676284790039,0.05205821990966797
1201,0.014230489730834961,0.05894804000854492
1301,0.010098457336425781,0.05869722366333008
1401,0.011323213577270508,0.05632376670837402
1501,0.010840654373168945,0.06640219688415527
1601,0.01159214973449707,0.07077956199645996
1701,0.013682842254638672,0.0700981616973877
1801,0.013056516647338867,0.0747075080871582
1901,0.019037961959838867,0.07273578643798828
2001,0.014539957046508789,0.09086322784423828
2101,0.015403032302856445,0.09751439094543457
2201,0.016005516052246094,0.09953022003173828
2301,0.0166475772857666,0.10817956924438477
2401,0.022455930709838867,0.11308503150939941
2501,0.017963171005249023,0.10171294212341309
2601,0.018375635147094727,0.10786175727844238
2701,0.019502639770507812,0.11395883560180664
2801,0.02672886848449707,0.10596489906311035
2901,0.021312236785888672,0.1328411102294922
3001,0.022040128707885742,0.14530444145202637
3101,0.02284550666809082,0.1487131118774414
3201,0.027558565139770508,0.1639087200164795
3301,0.023622751235961914,0.16190171241760254
3401,0.024365663528442383,0.15302681922912598
3501,0.03164863586425781,0.18139100074768066
3601,0.02556300163269043,0.14958667755126953
3701,0.02647089958190918,0.15392708778381348
3801,0.03253006935119629,0.14490914344787598
3901,0.02899026870727539,0.17638397216796875
4001,0.03061509132385254,0.18458914756774902
4101,0.030069589614868164,0.1901710033416748
4201,0.029726028442382812,0.19025373458862305
4301,0.0369870662689209,0.19443941116333008
4401,0.031402587890625,0.19554591178894043
4501,0.03202414512634277,0.20161652565002441
4601,0.03338122367858887,0.22685694694519043
4701,0.03328871726989746,0.20553302764892578
4801,0.04008293151855469,0.22733449935913086
4901,0.034763336181640625,0.21796965599060059
5001,0.042366981506347656,0.24120402336120605
5101,0.03759598731994629,0.23189306259155273
5201,0.044406890869140625,0.2511250972747803
5301,0.039412498474121094,0.22649121284484863
5401,0.044945478439331055,0.22360658645629883
5501,0.03968620300292969,0.22641539573669434
5601,0.050324440002441406,0.24820637702941895
5701,0.042923927307128906,0.25079846382141113
5801,0.046593666076660156,0.2512171268463135
5901,0.04336667060852051,0.29535937309265137
6001,0.04286670684814453,0.2668483257293701
6101,0.052979469299316406,0.2549703121185303
6201,0.04734039306640625,0.24675273895263672
6301,0.05243802070617676,0.2876429557800293
6401,0.024510860443115234,0.14277076721191406
6501,0.04955554008483887,0.1874098777770996
6601,0.054702043533325195,0.29000329971313477
6701,0.048452138900756836,0.3026587963104248
6801,0.05830216407775879,0.27524280548095703
6901,0.061574697494506836,0.2740755081176758
7001,0.05102038383483887,0.3126204013824463
7101,0.058734893798828125,0.33580565452575684
7201,0.03389143943786621,0.16180181503295898
7301,0.027228116989135742,0.20147395133972168
7401,0.033086538314819336,0.2179710865020752
7501,0.03561043739318848,0.16660809516906738
7601,0.06123232841491699,0.19640588760375977
7701,0.02929067611694336,0.17045998573303223
7801,0.062143802642822266,0.3213162422180176
7901,0.0668487548828125,0.357943058013916
8001,0.03002786636352539,0.21495509147644043
8101,0.058707475662231445,0.2633178234100342
8201,0.06459188461303711,0.3698239326477051
8301,0.06961894035339355,0.23752975463867188
8401,0.06877303123474121,0.37403440475463867
8501,0.06711268424987793,0.376800537109375
8601,0.03246140480041504,0.19000816345214844
8701,0.0380706787109375,0.23872685432434082
8801,0.03920125961303711,0.19598817825317383
8901,0.03939008712768555,0.19800233840942383
9001,0.04039168357849121,0.22563624382019043
9101,0.03472256660461426,0.20436477661132812
9201,0.035188913345336914,0.21021747589111328
9301,0.03543567657470703,0.20539546012878418
9401,0.07483482360839844,0.3898911476135254
9501,0.0734400749206543,0.43300557136535645
9601,0.07628631591796875,0.41497063636779785
9701,0.07718014717102051,0.38443708419799805
9801,0.07936573028564453,0.4406311511993408
9901,0.08394193649291992,0.4370384216308594
10001,0.08208775520324707,0.4564497470855713
10101,0.0831751823425293,0.5376253128051758
10201,0.08252072334289551,0.47333860397338867
10301,0.08579683303833008,0.46646881103515625
10401,0.08462691307067871,0.4810974597930908
10501,0.08447623252868652,0.4559626579284668
10601,0.08594274520874023,0.4185597896575928
10701,0.08618950843811035,0.44149231910705566
10801,0.09353208541870117,0.43694090843200684
10901,0.09491419792175293,0.5048491954803467
11001,0.08900952339172363,0.49592161178588867
11101,0.0890343189239502,0.5000414848327637
11201,0.08836245536804199,0.5968301296234131
11301,0.09166884422302246,0.5150742530822754
11401,0.08962559700012207,0.49404311180114746
11501,0.09249567985534668,0.49029064178466797
11601,0.060854434967041016,0.5015113353729248
11701,0.04614758491516113,0.26804590225219727
11801,0.0977180004119873,0.5684993267059326
11901,0.0975034236907959,0.48754429817199707
12001,0.09609866142272949,0.5122616291046143
12101,0.09615755081176758,0.5138018131256104
12201,0.09623527526855469,0.49458909034729004
12301,0.08888101577758789,0.5192055702209473
12401,0.0567626953125,0.6359217166900635
12501,0.05586409568786621,0.3637986183166504
12601,0.05567479133605957,0.3121652603149414
12701,0.060420989990234375,0.3386414051055908
12801,0.0955970287322998,0.6015589237213135
12901,0.1086277961730957,0.31846141815185547
13001,0.07027196884155273,0.3403027057647705
13101,0.10693883895874023,0.594219446182251
13201,0.1120452880859375,0.5537240505218506
13301,0.05962491035461426,0.3846096992492676
13401,0.06259703636169434,0.311847448348999
13501,0.05704021453857422,0.34391140937805176
13601,0.060996055603027344,0.509129524230957
13701,0.10830068588256836,0.4865853786468506
13801,0.11216354370117188,0.7099878787994385
13901,0.062407493591308594,0.5688631534576416
14001,0.062072038650512695,0.31368517875671387
14101,0.1174466609954834,0.4967036247253418
14201,0.11405801773071289,0.7021980285644531
14301,0.06087446212768555,0.5685737133026123
14401,0.0617365837097168,0.3804781436920166
14501,0.0734717845916748,0.3205423355102539
14601,0.06311893463134766,0.3422720432281494
14701,0.09262251853942871,0.3827030658721924
14801,0.06704998016357422,0.4648926258087158
14901,0.07532310485839844,0.3452262878417969
15001,0.06663870811462402,0.3397202491760254
15101,0.0692133903503418,0.3359856605529785
15201,0.0675363540649414,0.4677598476409912
15301,0.0669717788696289,0.4317018985748291
15401,0.09561657905578613,0.4233262538909912
15501,0.08863043785095215,0.35497307777404785
15601,0.06854701042175293,0.4675009250640869
15701,0.06968569755554199,0.35481882095336914
15801,0.13567042350769043,0.6614701747894287
15901,0.12388467788696289,0.7947783470153809
16001,0.1338357925415039,0.7337372303009033
16101,0.14126038551330566,0.6865861415863037
16201,0.13158965110778809,0.7132341861724854
16301,0.14270448684692383,0.7320871353149414
16401,0.12805700302124023,0.7852742671966553
16501,0.13361620903015137,0.7357397079467773
16601,0.12649297714233398,0.7489774227142334
16701,0.13735270500183105,0.7708196640014648
16801,0.14200043678283691,0.7381918430328369
16901,0.0737760066986084,0.43723368644714355
17001,0.1484847068786621,0.4877896308898926
17101,0.08285260200500488,0.4028892517089844
17201,0.13711094856262207,0.5139803886413574
17301,0.07608914375305176,0.3899376392364502
17401,0.08612489700317383,0.45142221450805664
17501,0.08601880073547363,0.4286065101623535
17601,0.08117055892944336,0.6202960014343262
17701,0.08621788024902344,0.5683786869049072
17801,0.07541966438293457,0.6592614650726318
17901,0.14130401611328125,0.841388463973999
18001,0.1504957675933838,0.9908769130706787
18101,0.1554241180419922,0.9712462425231934
18201,0.14131426811218262,0.9887232780456543
18301,0.14606952667236328,0.6707708835601807
18401,0.15819668769836426,0.950333833694458
18501,0.15535235404968262,1.0205769538879395
18601,0.14763188362121582,0.7947356700897217
18701,0.14868712425231934,0.7661001682281494
18801,0.1503903865814209,0.8204772472381592
18901,0.1566455364227295,0.9284622669219971
19001,0.16090822219848633,0.8908178806304932
19101,0.14690232276916504,1.0617868900299072
19201,0.15351128578186035,0.8187146186828613
19301,0.15408635139465332,1.048006534576416
19401,0.15794706344604492,1.0231208801269531
19501,0.17213726043701172,0.8163697719573975
19601,0.17503738403320312,0.8129353523254395
19701,0.1639864444732666,0.8704216480255127
19801,0.17241311073303223,1.1063439846038818
19901,0.17760086059570312,0.8441224098205566
