n,convex_time,os_time
1,0.0005376338958740234,0.0012521743774414062
101,0.003276824951171875,0.0028514862060546875
201,0.006369113922119141,0.005190134048461914
301,0.009817838668823242,0.008705377578735352
401,0.013354301452636719,0.014582157135009766
501,0.031212329864501953,0.022788286209106445
601,0.038999319076538086,0.026494979858398438
701,0.04530143737792969,0.04034161567687988
801,0.05186772346496582,0.039115190505981445
901,0.05886197090148926,0.05584526062011719
1001,0.0654442310333252,0.04954361915588379
1101,0.07793807983398438,0.06657886505126953
1201,0.07595252990722656,0.09677243232727051
1301,0.08258819580078125,0.05908012390136719
1401,0.07343578338623047,0.06416535377502441
1501,0.04675698280334473,0.05869030952453613
1601,0.051169395446777344,0.03798556327819824
1701,0.0535128116607666,0.05628538131713867
1801,0.05544710159301758,0.08378481864929199
1901,0.06920695304870605,0.08034563064575195
2001,0.06164240837097168,0.05286121368408203
2101,0.06462335586547852,0.10389876365661621
2201,0.1018829345703125,0.10095810890197754
2301,0.14132976531982422,0.21827435493469238
2401,0.15361809730529785,0.22815418243408203
2501,0.15264558792114258,0.1275932788848877
2601,0.15957140922546387,0.23669910430908203
2701,0.1715695858001709,0.1274886131286621
2801,0.17865443229675293,0.24304962158203125
2901,0.17984652519226074,0.1441211700439453
3001,0.18880462646484375,0.1662125587463379
3101,0.1907029151916504,0.3110992908477783
3201,0.19742846488952637,0.2815878391265869
3301,0.20781874656677246,0.3096272945404053
3401,0.20966267585754395,0.30436253547668457
3501,0.2192366123199463,0.17320871353149414
3601,0.22679638862609863,0.37832093238830566
3701,0.22790980339050293,0.16799449920654297
3801,0.24477434158325195,0.188154935836792
3901,0.23904657363891602,0.20120954513549805
4001,0.2466275691986084,0.2870488166809082
4101,0.25212907791137695,0.20630836486816406
4201,0.25986409187316895,0.1984109878540039
4301,0.2765631675720215,0.5723555088043213
4401,0.2790086269378662,0.5152041912078857
4501,0.27513861656188965,0.6053645610809326
4601,0.2825205326080322,0.6256752014160156
4701,0.2964644432067871,0.5043580532073975
4801,0.2988109588623047,0.6892671585083008
4901,0.3133983612060547,0.24257683753967285
5001,0.3249795436859131,0.40446043014526367
5101,0.3136000633239746,0.7146484851837158
5201,0.335888147354126,0.23414158821105957
5301,0.3259093761444092,0.25290417671203613
5401,0.34008193016052246,0.7836434841156006
5501,0.33741164207458496,0.49486422538757324
5601,0.3506736755371094,0.9531753063201904
5701,0.35676145553588867,0.7694571018218994
5801,0.3599236011505127,0.3060333728790283
5901,0.3615596294403076,0.295015811920166
6001,0.36934351921081543,0.4139988422393799
6101,0.3819539546966553,0.30883288383483887
6201,0.37995433807373047,1.0596630573272705
6301,0.3929281234741211,0.7281951904296875
6401,0.39130139350891113,0.558814287185669
6501,0.4000582695007324,0.3710646629333496
6601,0.4159998893737793,1.0076923370361328
6701,0.4150538444519043,0.2942061424255371
6801,0.4266042709350586,0.35414624214172363
6901,0.43221068382263184,0.35918617248535156
7001,0.43388891220092773,1.1344621181488037
7101,0.4465196132659912,0.39200520515441895
7201,0.4516749382019043,1.3936545848846436
7301,0.4615170955657959,0.4028167724609375
7401,0.4608135223388672,0.3594849109649658
7501,0.46971750259399414,0.37178850173950195
7601,0.46603894233703613,1.400648832321167
7701,0.4729759693145752,0.42207860946655273
7801,0.49413347244262695,0.4420139789581299
7901,0.5100991725921631,1.1883981227874756
8001,0.4938850402832031,0.41353344917297363
8101,0.49872851371765137,0.41293811798095703
8201,0.5186350345611572,0.4101729393005371
8301,0.521583080291748,0.4247267246246338
8401,0.536994457244873,1.714759349822998
8501,0.5285558700561523,0.4663095474243164
8601,0.5332028865814209,0.9804608821868896
8701,0.5389995574951172,1.659325361251831
8801,0.5632638931274414,1.6798207759857178
8901,0.5540874004364014,0.49892520904541016
9001,0.5673069953918457,1.8527069091796875
9101,0.5632326602935791,1.2066001892089844
9201,0.5673601627349854,1.9915006160736084
9301,0.5939145088195801,0.5223524570465088
9401,0.6047179698944092,0.9398820400238037
9501,0.5946927070617676,2.2010140419006348
9601,0.6051132678985596,2.129991054534912
9701,0.6029503345489502,0.5112569332122803
9801,0.6101760864257812,1.544508457183838
9901,0.6261317729949951,2.237044095993042
10001,0.6435270309448242,1.8479831218719482
10101,0.6302666664123535,0.5338518619537354
10201,0.6393637657165527,0.5758335590362549
10301,0.640033483505249,2.0068705081939697
10401,0.652803897857666,1.5069835186004639
10501,0.660250186920166,1.0879614353179932
10601,0.6605558395385742,2.553112268447876
10701,0.6698145866394043,2.1041793823242188
10801,0.6808812618255615,2.2589926719665527
10901,0.6809155941009521,2.4648940563201904
11001,0.6859993934631348,1.5871469974517822
11101,0.6966838836669922,2.635028123855591
11201,0.6979579925537109,3.0141923427581787
11301,0.36012768745422363,0.3529350757598877
11401,0.41783571243286133,0.3641383647918701
11501,0.3573620319366455,0.3249368667602539
11601,0.3709533214569092,1.7753283977508545
11701,0.36112308502197266,0.35712409019470215
11801,0.3724827766418457,1.324735164642334
11901,0.42344164848327637,1.291905403137207
12001,0.3791382312774658,1.7163481712341309
12101,0.3874521255493164,0.34094905853271484
12201,0.3939476013183594,1.5296766757965088
12301,0.3829476833343506,0.3745841979980469
12401,0.3951683044433594,0.3964214324951172
12501,0.39792966842651367,0.3728640079498291
12601,0.4140288829803467,1.9226999282836914
12701,0.4475879669189453,0.41885828971862793
12801,0.4751121997833252,1.766986608505249
12901,0.41217565536499023,0.35286450386047363
13001,0.4072861671447754,0.3954806327819824
13101,0.4219694137573242,0.4421544075012207
13201,0.41978883743286133,1.550210952758789
13301,0.4499833583831787,2.1646015644073486
13401,0.42604541778564453,0.39113354682922363
13501,0.4490013122558594,0.4111485481262207
13601,0.4375174045562744,0.41832542419433594
13701,0.4398765563964844,2.384086847305298
13801,0.4771714210510254,2.790642499923706
13901,0.4547860622406006,0.4205477237701416
14001,0.436798095703125,0.4978160858154297
14101,0.47881364822387695,1.4558782577514648
14201,0.47270989418029785,1.373859167098999
14301,0.4682326316833496,2.4623372554779053
14401,0.4470179080963135,0.3853118419647217
14501,0.5256693363189697,0.35382962226867676
14601,0.4613173007965088,2.251781463623047
14701,0.49256324768066406,3.2631359100341797
14801,0.4668152332305908,2.3816070556640625
14901,0.4634404182434082,2.8180480003356934
15001,0.4746134281158447,1.8929803371429443
15101,0.4807920455932617,2.6294403076171875
15201,0.506213903427124,2.4247493743896484
15301,0.5287539958953857,0.4541497230529785
15401,0.4989936351776123,2.7790918350219727
15501,0.5423576831817627,2.8579883575439453
15601,0.5294041633605957,1.3857598304748535
15701,0.4900228977203369,2.364439010620117
15801,0.49936604499816895,1.4923622608184814
15901,0.5374441146850586,3.833534002304077
16001,0.5345947742462158,0.4854917526245117
16101,0.5087592601776123,3.718096971511841
16201,0.5435085296630859,0.6623058319091797
16301,0.5232689380645752,0.5480465888977051
16401,0.521852970123291,0.5246889591217041
16501,0.54119873046875,0.514399528503418
16601,0.5278654098510742,0.9826655387878418
16701,0.532275915145874,4.146947622299194
16801,0.5555367469787598,4.128369331359863
16901,0.5671675205230713,0.5748419761657715
17001,0.540247917175293,4.463733911514282
17101,0.5403327941894531,4.1490797996521
17201,0.5412936210632324,1.733949899673462
17301,0.6191196441650391,0.4914066791534424
17401,0.538454532623291,4.371843338012695
17501,0.5529322624206543,4.593564748764038
17601,0.5942893028259277,0.5261247158050537
17701,0.5802428722381592,3.2492430210113525
17801,0.5782809257507324,0.5537939071655273
17901,0.5650510787963867,3.5511510372161865
18001,0.577866792678833,0.547971248626709
18101,0.5671036243438721,0.5737209320068359
18201,0.578554630279541,2.090204954147339
18301,0.6298160552978516,0.48738789558410645
18401,0.5784735679626465,5.195043087005615
18501,0.5786647796630859,1.153639316558838
18601,0.6144065856933594,0.5243616104125977
18701,0.5945990085601807,0.5704696178436279
18801,0.6408083438873291,4.46638822555542
18901,0.6097862720489502,2.614518880844116
19001,0.6564886569976807,0.540762186050415
19101,0.5982649326324463,5.369924545288086
19201,0.5719106197357178,0.5890648365020752
19301,0.5742206573486328,5.078367710113525
19401,0.5882668495178223,0.5700476169586182
19501,0.6024453639984131,0.566227912902832
19601,0.5945138931274414,0.572885274887085
19701,0.6235172748565674,0.7368178367614746
19801,0.6099505424499512,0.5843939781188965
19901,0.5854325294494629,4.330419540405273
