n,convex_time,os_time
1,0.00017333030700683594,0.0002601146697998047
101,0.0032668113708496094,0.00402379035949707
201,0.006602287292480469,0.005089759826660156
301,0.009578704833984375,0.007326602935791016
401,0.012568950653076172,0.00937342643737793
501,0.015714168548583984,0.015042304992675781
601,0.0334620475769043,0.022481918334960938
701,0.04960036277770996,0.04352545738220215
801,0.043697357177734375,0.03549838066101074
901,0.04771232604980469,0.036005496978759766
1001,0.05657172203063965,0.040543556213378906
1101,0.05729198455810547,0.06662654876708984
1201,0.07444238662719727,0.058350563049316406
1301,0.08259153366088867,0.08146381378173828
1401,0.09350013732910156,0.09069275856018066
1501,0.08310389518737793,0.11136794090270996
1601,0.10091686248779297,0.11658024787902832
1701,0.11324882507324219,0.07970499992370605
1801,0.11457347869873047,0.13653230667114258
1901,0.12073445320129395,0.14245271682739258
2001,0.1303267478942871,0.10445308685302734
2101,0.13628911972045898,0.09160399436950684
2201,0.13576745986938477,0.08945751190185547
2301,0.1562817096710205,0.11388111114501953
2401,0.12142705917358398,0.09616780281066895
2501,0.1542980670928955,0.15489745140075684
2601,0.15678644180297852,0.1323227882385254
2701,0.16942644119262695,0.20377588272094727
2801,0.17189764976501465,0.16380810737609863
2901,0.160811185836792,0.2802720069885254
3001,0.1870591640472412,0.14877843856811523
3101,0.16660261154174805,0.3317098617553711
3201,0.208143949508667,0.300142765045166
3301,0.20661497116088867,0.29511141777038574
3401,0.18934035301208496,0.2603933811187744
3501,0.1823441982269287,0.1446390151977539
3601,0.23301434516906738,0.3291013240814209
3701,0.19275331497192383,0.16185355186462402
3801,0.23529505729675293,0.18220257759094238
3901,0.22712421417236328,0.4620382785797119
4001,0.24396538734436035,0.2571585178375244
4101,0.2123701572418213,0.16164016723632812
4201,0.2650723457336426,0.20331025123596191
4301,0.275296688079834,0.48993468284606934
4401,0.27363109588623047,0.2046983242034912
4501,0.29761362075805664,0.49631834030151367
4601,0.25670766830444336,0.42733025550842285
4701,0.2978370189666748,0.2271871566772461
4801,0.25143909454345703,0.5114667415618896
4901,0.24667930603027344,0.6945250034332275
5001,0.2599828243255615,0.19635915756225586
5101,0.3259456157684326,0.26337361335754395
5201,0.3051605224609375,0.6327564716339111
5301,0.34369826316833496,0.25020885467529297
5401,0.30597853660583496,0.6249747276306152
5501,0.33657002449035645,0.29006314277648926
5601,0.3230433464050293,0.7468526363372803
5701,0.32618021965026855,0.4283726215362549
5801,0.34749913215637207,0.2925455570220947
5901,0.3118624687194824,0.2405869960784912
6001,0.3207719326019287,0.6999831199645996
6101,0.3809657096862793,0.8309457302093506
6201,0.3847818374633789,0.9784448146820068
6301,0.40466904640197754,0.7957851886749268
6401,0.39342784881591797,0.8405156135559082
6501,0.37946391105651855,0.32573461532592773
6601,0.34244823455810547,0.9601404666900635
6701,0.3710911273956299,1.0454230308532715
6801,0.43136024475097656,0.9953694343566895
6901,0.42594480514526367,0.25583839416503906
7001,0.46764111518859863,1.1845920085906982
7101,0.2418076992034912,0.5482068061828613
7201,0.25510430335998535,0.7141048908233643
7301,0.22954225540161133,0.1898362636566162
7401,0.2542121410369873,0.8519163131713867
7501,0.24837660789489746,0.5959727764129639
7601,0.3725473880767822,0.24955415725708008
7701,0.2394251823425293,0.21377158164978027
7801,0.24767541885375977,0.21660137176513672
7901,0.2905266284942627,0.23116159439086914
8001,0.3391988277435303,0.2369852066040039
8101,0.2569403648376465,0.9956972599029541
8201,0.38124513626098633,0.8628091812133789
8301,0.26782727241516113,0.25212883949279785
8401,0.27127552032470703,0.9640276432037354
8501,0.26659274101257324,0.34664392471313477
8601,0.27175259590148926,1.1706867218017578
8701,0.48578882217407227,0.27405357360839844
8801,0.5332770347595215,0.43140077590942383
8901,0.5471701622009277,0.42052197456359863
9001,0.5063784122467041,1.7064228057861328
9101,0.30696797370910645,0.21480846405029297
9201,0.5659253597259521,1.041527509689331
9301,0.5726809501647949,2.037487030029297
9401,0.6001927852630615,2.0334599018096924
9501,0.49117493629455566,2.0460526943206787
9601,0.6149330139160156,0.6375973224639893
9701,0.5064384937286377,0.4631044864654541
9801,0.6304612159729004,0.4742131233215332
9901,0.5126945972442627,0.5900216102600098
10001,0.6394453048706055,1.3539206981658936
10101,0.5300655364990234,0.5448484420776367
10201,0.6434121131896973,1.1724956035614014
10301,0.5339629650115967,0.5164268016815186
10401,0.6340088844299316,0.47189784049987793
10501,0.5564024448394775,2.3235275745391846
10601,0.5457954406738281,2.3783042430877686
10701,0.6659109592437744,0.5059905052185059
10801,0.5631341934204102,2.1786000728607178
10901,0.5870459079742432,0.5157082080841064
11001,0.6204826831817627,1.8615140914916992
11101,0.5806903839111328,0.5579028129577637
11201,0.6735615730285645,1.5286540985107422
11301,0.6868557929992676,2.6523265838623047
11401,0.6893270015716553,0.6938157081604004
11501,0.5934584140777588,0.5780346393585205
11601,0.7378861904144287,0.6228950023651123
11701,0.7453157901763916,3.2642858028411865
11801,0.7407069206237793,1.93742036819458
11901,0.7711291313171387,2.524428367614746
12001,0.7866072654724121,0.5919895172119141
12101,0.6302950382232666,0.5858163833618164
12201,0.7783384323120117,0.8186817169189453
12301,0.7629115581512451,0.520348310470581
12401,0.7606654167175293,0.6872098445892334
12501,0.7457401752471924,2.8165273666381836
12601,0.6692898273468018,0.6668581962585449
12701,0.6775314807891846,3.040248394012451
12801,0.7760558128356934,0.7342133522033691
12901,0.6906704902648926,0.5748281478881836
13001,0.43493199348449707,1.3826448917388916
13101,0.846416711807251,0.4698312282562256
13201,0.8239462375640869,0.6039142608642578
13301,0.6915249824523926,4.345709800720215
13401,0.816176176071167,1.0023231506347656
13501,0.8520569801330566,3.254261016845703
13601,0.7063932418823242,1.5205225944519043
13701,0.8836619853973389,0.6395161151885986
13801,0.6902332305908203,0.811704158782959
13901,0.6244254112243652,0.5538856983184814
14001,0.881955623626709,0.4502871036529541
14101,0.665419340133667,0.632021427154541
14201,0.7464070320129395,0.6997964382171631
14301,0.9089162349700928,0.7672483921051025
14401,0.4692044258117676,3.296841859817505
14501,0.5996429920196533,0.47617363929748535
14601,0.48505520820617676,2.2267954349517822
14701,0.512000322341919,0.45676159858703613
14801,0.8143863677978516,3.8942365646362305
14901,0.9943583011627197,0.5363421440124512
15001,0.495373010635376,4.800363779067993
15101,0.5120015144348145,3.6923177242279053
15201,0.5221612453460693,0.5041253566741943
15301,0.5981993675231934,1.1206798553466797
15401,0.5272116661071777,0.4600071907043457
15501,0.607011079788208,0.498079776763916
15601,0.524303674697876,0.44858336448669434
15701,1.0200462341308594,4.8680031299591064
15801,0.9322619438171387,2.234096050262451
15901,0.8575747013092041,0.892066478729248
16001,0.5514180660247803,4.058059215545654
16101,0.6476891040802002,3.5829081535339355
16201,1.0006763935089111,0.9851288795471191
16301,0.7797732353210449,1.440389633178711
16401,0.6574530601501465,0.6333820819854736
16501,0.8963179588317871,0.8880538940429688
16601,1.0556654930114746,1.4559662342071533
16701,1.0133521556854248,4.849409341812134
16801,0.7783889770507812,7.454497337341309
16901,1.0883734226226807,0.9706540107727051
17001,0.5526983737945557,6.265023708343506
17101,0.6113531589508057,0.5107722282409668
17201,0.6868300437927246,0.6827645301818848
17301,0.5822842121124268,0.5032627582550049
17401,0.7407746315002441,0.5602986812591553
17501,0.5661778450012207,0.48190784454345703
17601,0.5931272506713867,4.6775946617126465
17701,0.6088318824768066,5.300565004348755
17801,1.132214069366455,5.917824983596802
17901,0.9795122146606445,4.613052845001221
18001,1.0305135250091553,3.6332175731658936
18101,0.9886441230773926,1.1556651592254639
18201,0.9672214984893799,1.2025599479675293
18301,0.9838078022003174,5.777044057846069
18401,1.2634940147399902,1.1011085510253906
18501,1.0095670223236084,8.195741176605225
18601,0.625171422958374,1.0777945518493652
18701,0.7441971302032471,0.7568657398223877
18801,0.9310741424560547,2.8356902599334717
18901,0.8140902519226074,6.963016986846924
19001,0.6388382911682129,0.634671688079834
19101,1.2102108001708984,7.83472752571106
19201,1.1032278537750244,2.5812981128692627
19301,1.0173187255859375,1.0295817852020264
19401,1.1887898445129395,6.0492894649505615
19501,0.6929254531860352,8.107054233551025
19601,0.7858500480651855,7.818257808685303
19701,1.2692615985870361,7.537336587905884
19801,1.092404842376709,1.2112910747528076
19901,1.1073579788208008,0.9088640213012695
