n,convex_time,os_time
1,0.0001308917999267578,0.000244140625
101,0.0032503604888916016,0.0026798248291015625
201,0.00625300407409668,0.004828691482543945
301,0.00958251953125,0.007983207702636719
401,0.0127105712890625,0.012597799301147461
501,0.015556097030639648,0.011996746063232422
601,0.018752098083496094,0.017844200134277344
701,0.022035837173461914,0.016646385192871094
801,0.028352022171020508,0.026247024536132812
901,0.031681060791015625,0.03219294548034668
1001,0.031475067138671875,0.035538673400878906
1101,0.05334949493408203,0.026664018630981445
1201,0.05815434455871582,0.055437564849853516
1301,0.04122591018676758,0.03826141357421875
1401,0.04744672775268555,0.04221057891845703
1501,0.048354148864746094,0.054940223693847656
1601,0.05747723579406738,0.07346796989440918
1701,0.05338573455810547,0.08074092864990234
1801,0.11519837379455566,0.11961197853088379
1901,0.12540245056152344,0.10927796363830566
2001,0.13114404678344727,0.08773922920227051
2101,0.12570643424987793,0.09136414527893066
2201,0.14824724197387695,0.09375214576721191
2301,0.14937376976013184,0.11691403388977051
2401,0.15179896354675293,0.23013734817504883
2501,0.1638774871826172,0.11966872215270996
2601,0.17058181762695312,0.17035293579101562
2701,0.1729269027709961,0.2717866897583008
2801,0.1795661449432373,0.23703265190124512
2901,0.18653631210327148,0.13799476623535156
3001,0.2037498950958252,0.14902853965759277
3101,0.18192529678344727,0.1582801342010498
3201,0.20534038543701172,0.25795626640319824
3301,0.21204352378845215,0.20588254928588867
3401,0.23014497756958008,0.15126371383666992
3501,0.22301268577575684,0.1616501808166504
3601,0.21342849731445312,0.20621848106384277
3701,0.25070929527282715,0.28113746643066406
3801,0.24811196327209473,0.18209314346313477
3901,0.23268342018127441,0.3491075038909912
4001,0.25679636001586914,0.22930169105529785
4101,0.2623274326324463,0.21011567115783691
4201,0.2830321788787842,0.49082040786743164
4301,0.2699735164642334,0.1742558479309082
4401,0.28252577781677246,0.21326279640197754
4501,0.29636454582214355,0.21939659118652344
4601,0.27760767936706543,0.19447684288024902
4701,0.3123607635498047,0.5303702354431152
4801,0.27921271324157715,0.6307709217071533
4901,0.3244013786315918,0.21765637397766113
5001,0.325894832611084,0.45113539695739746
5101,0.326005220413208,0.2199687957763672
5201,0.3325469493865967,0.43710947036743164
5301,0.3597245216369629,0.33242249488830566
5401,0.33544039726257324,0.2680704593658447
5501,0.37588071823120117,0.7504801750183105
5601,0.360687255859375,0.41687893867492676
5701,0.3728454113006592,0.3216135501861572
5801,0.37393927574157715,0.830632209777832
5901,0.3931865692138672,0.6287226676940918
6001,0.389620304107666,0.8682012557983398
6101,0.36554574966430664,0.31467723846435547
6201,0.29537343978881836,0.3651590347290039
6301,0.39412856101989746,1.016970157623291
6401,0.4323122501373291,0.8386142253875732
6501,0.41718578338623047,0.5861427783966064
6601,0.43805575370788574,0.35192203521728516
6701,0.44236135482788086,0.8144135475158691
6801,0.3960072994232178,0.6638078689575195
6901,0.4465041160583496,0.3439035415649414
7001,0.42554545402526855,0.909550666809082
7101,0.4552426338195801,0.40405821800231934
7201,0.47063112258911133,1.0719783306121826
7301,0.4763185977935791,0.338118314743042
7401,0.38448619842529297,0.3471856117248535
7501,0.4701695442199707,0.40943193435668945
7601,0.40236425399780273,0.4024209976196289
7701,0.40563488006591797,1.0789284706115723
7801,0.5065596103668213,1.3191263675689697
7901,0.5042359828948975,1.4243977069854736
8001,0.46404361724853516,0.40525245666503906
8101,0.5162467956542969,1.287325143814087
8201,0.46215343475341797,0.42987751960754395
8301,0.5271761417388916,1.6388707160949707
8401,0.5239887237548828,0.9068963527679443
8501,0.5118551254272461,0.44071078300476074
8601,0.45438528060913086,1.5628318786621094
8701,0.5266883373260498,1.0159857273101807
8801,0.5116322040557861,0.5237135887145996
8901,0.5346910953521729,0.4326019287109375
9001,0.5373249053955078,0.6250526905059814
9101,0.5563640594482422,1.1855216026306152
9201,0.5823783874511719,0.38610100746154785
9301,0.5831055641174316,0.4806835651397705
9401,0.5598883628845215,0.4286339282989502
9501,0.571357011795044,1.1596300601959229
9601,0.5848634243011475,0.5171396732330322
9701,0.6039071083068848,0.5656614303588867
9801,0.613408088684082,0.507265567779541
9901,0.5990748405456543,2.0167741775512695
10001,0.5981764793395996,1.8872148990631104
10101,0.6192531585693359,0.4540402889251709
10201,0.529529333114624,0.4819357395172119
10301,0.5367221832275391,0.5697536468505859
10401,0.57438063621521,0.47585296630859375
10501,0.5452489852905273,2.6633148193359375
10601,0.6573483943939209,2.7982594966888428
10701,0.5593686103820801,2.609757900238037
10801,0.5759246349334717,1.0999743938446045
10901,0.5623517036437988,2.878927230834961
11001,0.7019906044006348,2.5840282440185547
11101,0.6665101051330566,2.9789016246795654
11201,0.7053229808807373,2.9154884815216064
11301,0.5884740352630615,0.5978384017944336
11401,0.5870404243469238,0.6055293083190918
11501,0.7065072059631348,3.033975601196289
11601,0.605165958404541,3.028393507003784
11701,0.6071305274963379,1.2068920135498047
11801,0.6842479705810547,3.2548272609710693
11901,0.6226952075958252,3.3192262649536133
12001,0.7129707336425781,0.5857312679290771
12101,0.6919088363647461,0.6585493087768555
12201,0.8073463439941406,1.7818877696990967
12301,0.7925300598144531,0.5686264038085938
12401,0.663414716720581,2.775773525238037
12501,0.7034378051757812,1.7714719772338867
12601,0.42081618309020996,3.63944935798645
12701,0.5266659259796143,0.8537743091583252
12801,0.45434117317199707,2.802924394607544
12901,0.6785678863525391,1.9443395137786865
13001,0.7390627861022949,0.61553955078125
13101,0.6938388347625732,0.8486826419830322
13201,0.7615852355957031,2.4311728477478027
13301,0.8536233901977539,4.2026495933532715
13401,0.7104649543762207,0.7181332111358643
13501,0.8515229225158691,2.2563602924346924
13601,0.7121353149414062,2.585874557495117
13701,0.7281193733215332,0.7638354301452637
13801,0.9010825157165527,0.7821314334869385
13901,0.7749876976013184,0.8528244495391846
14001,0.7518424987792969,1.1014394760131836
14101,0.7770164012908936,3.685645341873169
14201,0.7507638931274414,5.5592193603515625
14301,0.7599039077758789,0.8873565196990967
14401,0.8812751770019531,0.7201223373413086
14501,0.7614033222198486,3.074970245361328
14601,0.792335033416748,1.30247163772583
14701,0.8588502407073975,4.357974052429199
14801,0.7898716926574707,5.115205526351929
14901,0.8002405166625977,0.7648406028747559
15001,0.8012676239013672,0.7434625625610352
15101,0.8085260391235352,3.870028495788574
15201,0.9597945213317871,1.4201841354370117
15301,0.8313488960266113,2.618398666381836
15401,0.835486650466919,0.8968980312347412
15501,0.8253891468048096,5.414760112762451
15601,0.9264340400695801,3.793930768966675
15701,1.029541015625,0.8298978805541992
15801,0.8501348495483398,5.939910888671875
15901,0.86006760597229,0.8552498817443848
16001,0.8333711624145508,4.51021146774292
16101,1.0211477279663086,6.076676845550537
16201,1.028022050857544,0.9446320533752441
16301,0.9623095989227295,0.8838291168212891
16401,0.9654760360717773,1.0086688995361328
16501,0.5339529514312744,5.980329513549805
16601,0.5435900688171387,0.43018317222595215
16701,0.5781440734863281,3.5465381145477295
16801,0.6093358993530273,2.4337446689605713
16901,0.5448665618896484,0.5658702850341797
17001,0.6131770610809326,0.4453403949737549
17101,0.5462765693664551,0.5430476665496826
17201,0.6066460609436035,0.547321081161499
17301,0.5773086547851562,5.002856254577637
17401,0.5660848617553711,5.028335332870483
17501,0.5768256187438965,0.589061975479126
17601,0.5926148891448975,0.6110358238220215
17701,0.5915753841400146,4.457520246505737
17801,0.6138777732849121,0.4385991096496582
17901,0.6279821395874023,0.5345718860626221
18001,0.589719295501709,0.6072502136230469
18101,0.6565899848937988,3.037104845046997
18201,0.5931079387664795,4.808013439178467
18301,0.5994906425476074,0.533923864364624
18401,0.5895006656646729,4.273136854171753
18501,0.5550642013549805,2.264284610748291
18601,0.5847680568695068,0.5520024299621582
18701,0.5529913902282715,0.5322580337524414
18801,0.5683066844940186,4.970293283462524
18901,0.5634171962738037,0.5220568180084229
19001,0.592090368270874,0.5804684162139893
19101,0.584869384765625,0.5559618473052979
19201,0.5908386707305908,0.6182436943054199
19301,0.5688438415527344,3.9883975982666016
19401,0.572049617767334,5.204407691955566
19501,0.5792219638824463,0.5926833152770996
19601,0.5818917751312256,3.6393589973449707
19701,0.5963139533996582,0.586738109588623
19801,0.5981488227844238,0.5778939723968506
19901,0.6000571250915527,2.352114200592041
