100,0.15027284622192383,0.007494211196899414
500,0.5567359924316406,0.014739274978637695
900,1.7979423999786377,0.025796175003051758
1300,0.759152889251709,0.03646516799926758
1700,2.155117988586426,0.04874682426452637
2100,2.9034266471862793,0.11693358421325684
2500,2.663081407546997,0.07035183906555176
2900,6.168103933334351,0.08065581321716309
3300,2.5585379600524902,0.09197306632995605
3700,3.1434273719787598,0.2047419548034668
4100,10.964542150497437,0.22342300415039062
4500,6.479834079742432,0.12415933609008789
4900,12.327161312103271,0.2756061553955078
5300,10.365019798278809,0.29377317428588867
5700,1.7695467472076416,0.2002091407775879
6100,12.558205842971802,0.3396885395050049
6500,13.595613479614258,0.3597421646118164
6900,2.636247396469116,0.385744571685791
7300,8.419642686843872,0.295271635055542
7700,29.187723398208618,0.4221627712249756
8100,7.4144275188446045,0.4384620189666748
8500,10.350543975830078,0.470660924911499
8900,4.777537107467651,0.4940359592437744
9300,4.305262804031372,0.5122115612030029
9700,12.361068725585938,0.27132272720336914
10100,10.356578588485718,0.5693211555480957
10500,12.86050295829773,0.5766181945800781
10900,18.606239318847656,0.6005933284759521
11300,20.916359186172485,0.6163182258605957
11700,10.412273168563843,0.3259851932525635
12100,11.517940759658813,0.6524524688720703
12500,19.90867519378662,0.6941325664520264
12900,26.870349407196045,0.7145552635192871
13300,35.98283362388611,0.7277157306671143
13700,10.235434532165527,0.7376446723937988
14100,9.000221967697144,0.7727885246276855
14500,22.932973861694336,0.8107175827026367
14900,16.632400274276733,0.8396008014678955
