100,0.16107487678527832,0.006308794021606445
500,0.966289758682251,0.014181852340698242
900,2.406186103820801,0.04572939872741699
1300,1.5725035667419434,0.07203793525695801
1700,4.178533554077148,0.09485721588134766
2100,3.7436907291412354,0.1127161979675293
2500,1.2566075325012207,0.1373744010925293
2900,5.162446975708008,0.15898942947387695
3300,7.842637538909912,0.17756271362304688
3700,8.392753601074219,0.10329890251159668
4100,7.5146262645721436,0.2258129119873047
4500,6.189828634262085,0.24205636978149414
4900,5.740486145019531,0.1357424259185791
5300,3.9153668880462646,0.2908322811126709
5700,4.308027982711792,0.3133046627044678
6100,7.030768156051636,0.1704246997833252
6500,7.157754421234131,0.1764063835144043
6900,4.460077524185181,0.38054680824279785
7300,7.643815755844116,0.39823126792907715
7700,19.11561346054077,0.41860198974609375
8100,10.693904876708984,0.3557300567626953
8500,14.274006605148315,0.45816826820373535
8900,23.198404550552368,0.48653364181518555
9300,6.6618640422821045,0.5117893218994141
9700,7.123830795288086,0.28931117057800293
10100,14.226038932800293,0.5555572509765625
10500,17.90446186065674,0.3097670078277588
10900,30.602773427963257,0.38948488235473633
11300,18.474029064178467,0.6155729293823242
11700,13.337389469146729,0.6325092315673828
12100,12.257912158966064,0.3476376533508301
12500,27.250295639038086,0.3440592288970947
12900,25.50667977333069,0.3468780517578125
13300,6.4348180294036865,0.359891414642334
13700,41.116305351257324,0.3711121082305908
14100,18.587231397628784,0.37918758392333984
14500,15.828186511993408,0.3823859691619873
14900,14.734026908874512,0.38075685501098633
