100,0.1916816234588623,0.005913496017456055
500,0.8172914981842041,0.029035329818725586
900,0.6284308433532715,0.04920005798339844
1300,4.149402141571045,0.0696568489074707
1700,2.1760659217834473,0.09247803688049316
2100,4.064265012741089,0.11357855796813965
2500,7.344334602355957,0.06704306602478027
2900,2.889111042022705,0.07945466041564941
3300,5.079814672470093,0.1776430606842041
3700,6.14465069770813,0.10216021537780762
4100,5.97662615776062,0.11564493179321289
4500,2.5578150749206543,0.12430810928344727
4900,2.937992572784424,0.13518977165222168
5300,12.472404479980469,0.29939913749694824
5700,10.533055305480957,0.15746402740478516
6100,1.7286114692687988,0.17467808723449707
6500,5.220467805862427,0.2713139057159424
6900,11.352340936660767,0.38332700729370117
7300,10.428568124771118,0.2812061309814453
7700,6.277429103851318,0.40775609016418457
8100,4.0810229778289795,0.4386272430419922
8500,6.2242162227630615,0.46399879455566406
8900,17.670825004577637,0.47835445404052734
9300,18.541847467422485,0.5138068199157715
9700,14.125351190567017,0.5174109935760498
10100,8.151273488998413,0.5491290092468262
10500,14.431735038757324,0.5716972351074219
10900,19.617937088012695,0.5889225006103516
11300,13.53108835220337,0.6154050827026367
11700,65.32534408569336,0.3227052688598633
12100,14.543982982635498,0.3281738758087158
12500,7.432770729064941,0.3891716003417969
12900,5.847012042999268,0.7163009643554688
13300,12.425026655197144,0.7290549278259277
13700,20.858238458633423,0.7451019287109375
14100,20.88176465034485,0.38563036918640137
14500,12.956929683685303,0.3752248287200928
14900,30.278757572174072,0.37012457847595215
