100,0.06493806838989258,0.005930423736572266
500,0.2763187885284424,0.028096914291381836
900,1.0845119953155518,0.04984450340270996
1300,1.819204568862915,0.0726935863494873
1700,5.4431328773498535,0.09435343742370605
2100,1.9145779609680176,0.11533164978027344
2500,3.5950169563293457,0.13667035102844238
2900,6.063628435134888,0.1596388816833496
3300,4.590701341629028,0.17424941062927246
3700,10.908875465393066,0.2044527530670166
4100,11.084320783615112,0.22370028495788574
4500,2.261913537979126,0.2437915802001953
4900,8.529236555099487,0.2702054977416992
5300,8.081246852874756,0.28737831115722656
5700,17.110502243041992,0.3116171360015869
6100,8.884847640991211,0.3344857692718506
6500,18.322442293167114,0.3527500629425049
6900,12.16439175605774,0.2760801315307617
7300,15.108144760131836,0.4010636806488037
7700,9.229162693023682,0.21536660194396973
8100,15.126146078109741,0.23041081428527832
8500,11.000035762786865,0.23598980903625488
8900,6.52190637588501,0.2514629364013672
9300,18.589298009872437,0.2604811191558838
9700,16.258785724639893,0.2653481960296631
10100,7.91258692741394,0.2786598205566406
10500,39.91909599304199,0.3049018383026123
10900,6.941061735153198,0.37813305854797363
11300,19.459141731262207,0.6487174034118652
11700,7.473143815994263,0.3280003070831299
12100,30.856529712677002,0.6581976413726807
12500,15.436282634735107,0.6767184734344482
12900,32.69362664222717,0.6992311477661133
13300,11.276734828948975,0.7311592102050781
13700,19.832112550735474,0.7498989105224609
14100,17.36908984184265,0.7875850200653076
14500,7.301559209823608,0.7996656894683838
14900,15.25804591178894,0.40713024139404297
