100,0.21033167839050293,0.008568048477172852
500,1.305246353149414,0.02859783172607422
900,4.007063150405884,0.05078768730163574
1300,1.5452384948730469,0.07252836227416992
1700,2.766984462738037,0.09256362915039062
2100,2.103067398071289,0.10761475563049316
2500,5.268068790435791,0.06998991966247559
2900,5.291343450546265,0.1589658260345459
3300,3.593904972076416,0.17704486846923828
3700,6.875271320343018,0.20270538330078125
4100,4.26664137840271,0.22844386100769043
4500,4.639448165893555,0.24540352821350098
4900,6.099132776260376,0.14339065551757812
5300,10.313481330871582,0.28659868240356445
5700,7.425612449645996,0.3118462562561035
6100,17.733234643936157,0.22243666648864746
6500,8.019960880279541,0.18070101737976074
6900,9.071101665496826,0.3780083656311035
7300,22.668041229248047,0.39812541007995605
7700,11.165596723556519,0.211456298828125
8100,7.855302572250366,0.44408082962036133
8500,13.31229829788208,0.46334218978881836
8900,26.637239456176758,0.4838831424713135
9300,10.151973009109497,0.2562744617462158
9700,13.372263193130493,0.5283253192901611
10100,12.970609188079834,0.5639102458953857
10500,21.537883281707764,0.2925405502319336
10900,10.761613607406616,0.5296759605407715
11300,8.919804573059082,0.6236038208007812
11700,43.1340594291687,0.37054967880249023
12100,14.685039758682251,0.6527950763702393
12500,31.96273112297058,0.3415510654449463
12900,25.834393978118896,0.6953954696655273
13300,43.060768842697144,0.3730156421661377
13700,14.707064151763916,0.7429065704345703
14100,21.801650762557983,0.7296566963195801
14500,20.23172950744629,0.45469069480895996
14900,16.881954669952393,0.8150486946105957
