100,0.26642680168151855,0.0030007362365722656
500,1.8668129444122314,0.028338909149169922
900,1.0291030406951904,0.025059223175048828
1300,2.4485630989074707,0.03663492202758789
1700,2.2576377391815186,0.08501052856445312
2100,3.40720796585083,0.11592578887939453
2500,2.1745102405548096,0.1331493854522705
2900,4.328432559967041,0.15633177757263184
3300,8.240745782852173,0.17946839332580566
3700,5.778278589248657,0.16260766983032227
4100,15.413355827331543,0.22118186950683594
4500,3.150327682495117,0.13028764724731445
4900,7.650672912597656,0.2690575122833252
5300,6.454725027084351,0.28722310066223145
5700,3.0596654415130615,0.31308555603027344
6100,2.3629953861236572,0.33477282524108887
6500,5.010218381881714,0.31638598442077637
6900,22.45847225189209,0.372753381729126
7300,14.576089859008789,0.32561254501342773
7700,8.495640516281128,0.3885033130645752
8100,11.760395526885986,0.441561222076416
8500,14.57420039176941,0.4637627601623535
8900,4.291538238525391,0.48595452308654785
9300,5.1158106327056885,0.502436637878418
9700,15.08275294303894,0.36875247955322266
10100,5.661859750747681,0.3119046688079834
10500,10.48102355003357,0.28873538970947266
10900,4.7635979652404785,0.5972855091094971
11300,10.015282154083252,0.3302631378173828
11700,18.955662965774536,0.631115198135376
12100,10.734718322753906,0.6709809303283691
12500,13.417046785354614,0.640322208404541
12900,9.297012329101562,0.6822695732116699
13300,14.31389856338501,0.5297245979309082
13700,18.48883819580078,0.7601613998413086
14100,12.559074401855469,0.39237499237060547
14500,20.427305221557617,0.6909067630767822
14900,33.255743741989136,0.7906060218811035
