100,0.359083890914917,0.017502546310424805
500,0.3783843517303467,0.014514446258544922
900,1.202589988708496,0.025414705276489258
1300,4.082855463027954,0.07181787490844727
1700,4.192285776138306,0.04729318618774414
2100,5.217119216918945,0.057709455490112305
2500,3.9473702907562256,0.13785886764526367
2900,8.570100784301758,0.08272099494934082
3300,1.5351109504699707,0.18156647682189941
3700,6.831619501113892,0.20016884803771973
4100,10.462090730667114,0.11458349227905273
4500,7.17190408706665,0.2454986572265625
4900,11.510643482208252,0.267498254776001
5300,8.499151945114136,0.299375057220459
5700,8.517268180847168,0.3140988349914551
6100,5.161730766296387,0.33710575103759766
6500,7.005824565887451,0.3513524532318115
6900,5.567282438278198,0.3769104480743408
7300,4.774531602859497,0.39011383056640625
7700,13.815276384353638,0.4244248867034912
8100,23.335668563842773,0.43962621688842773
8500,8.420645236968994,0.4694976806640625
8900,11.87646770477295,0.243910551071167
9300,30.323930978775024,0.5218071937561035
9700,15.410507440567017,0.31105804443359375
10100,11.436208009719849,0.5567111968994141
10500,14.479171514511108,0.3207840919494629
10900,5.167016983032227,0.5961334705352783
11300,24.866894245147705,0.618682861328125
11700,14.888771533966064,0.3274819850921631
12100,8.416750431060791,0.6189429759979248
12500,26.96547532081604,0.683701753616333
12900,28.06722927093506,0.7117972373962402
13300,35.88190007209778,0.7192442417144775
13700,27.28465747833252,0.6385853290557861
14100,None,None
14500,21.757670640945435,0.7804961204528809
14900,24.51493501663208,0.7903087139129639
