100,0.13413715362548828,0.0076751708984375
500,0.7930481433868408,0.02836298942565918
900,1.7069616317749023,0.04958772659301758
1300,2.233264446258545,0.07120060920715332
1700,1.0581974983215332,0.09328007698059082
2100,2.3789849281311035,0.11510634422302246
2500,7.22084379196167,0.13566899299621582
2900,8.419297218322754,0.15831685066223145
3300,4.689422845840454,0.1788654327392578
3700,3.4238498210906982,0.20013737678527832
4100,6.879161834716797,0.22316980361938477
4500,7.445163249969482,0.14060187339782715
4900,4.429156303405762,0.2676258087158203
5300,6.008808374404907,0.2888209819793701
5700,6.03004789352417,0.3127553462982178
6100,10.210329055786133,0.33295702934265137
6500,7.665515422821045,0.18144559860229492
6900,11.551421165466309,0.3824732303619385
7300,4.023763179779053,0.20352435111999512
7700,21.95118999481201,0.4275355339050293
8100,28.051004886627197,0.4440639019012451
8500,26.84370732307434,0.4627339839935303
8900,23.123791933059692,0.24732732772827148
9300,13.13647174835205,0.31148815155029297
9700,7.9895219802856445,0.26979899406433105
10100,14.759347438812256,0.5544736385345459
10500,8.658384799957275,0.5688385963439941
10900,11.23733901977539,0.5898449420928955
11300,21.197766542434692,0.30940771102905273
11700,7.514359951019287,0.6458797454833984
12100,35.45489954948425,0.34308719635009766
12500,11.895239353179932,0.34545207023620605
12900,19.82718253135681,0.5655138492584229
13300,10.509583950042725,0.38863444328308105
13700,26.298762798309326,0.7472860813140869
14100,18.361548900604248,0.39707398414611816
14500,13.982978105545044,0.7987186908721924
14900,8.920359373092651,0.4669301509857178
