100,0.15212488174438477,0.007550954818725586
500,2.7189812660217285,0.028583526611328125
900,1.0689630508422852,0.025394678115844727
1300,1.6196691989898682,0.03589963912963867
1700,0.613090991973877,0.046384572982788086
2100,2.986480712890625,0.058913469314575195
2500,2.5033719539642334,0.1367933750152588
2900,5.535833358764648,0.15767526626586914
3300,12.595890522003174,0.1870265007019043
3700,8.69560956954956,0.2028501033782959
4100,3.25927472114563,0.15918684005737305
4500,9.97576117515564,0.24532866477966309
4900,12.215851068496704,0.292527437210083
5300,5.967215299606323,0.29239773750305176
5700,17.46188998222351,0.15636372566223145
6100,15.464956998825073,0.3356201648712158
6500,5.649236679077148,0.35519933700561523
6900,9.169121980667114,0.3753695487976074
7300,None,None
7700,7.359619617462158,0.2721998691558838
8100,7.778600692749023,0.35828614234924316
8500,5.378287076950073,0.44965696334838867
8900,19.69700264930725,0.4818699359893799
9300,13.488438844680786,0.4799046516418457
9700,29.09130549430847,0.5176997184753418
10100,6.211969375610352,0.2778348922729492
10500,13.634917974472046,0.5756757259368896
10900,8.326904773712158,0.30319929122924805
11300,14.028714179992676,0.6418979167938232
11700,13.547591924667358,0.32233214378356934
12100,2.793466567993164,0.5318148136138916
12500,12.834872007369995,0.3488736152648926
12900,38.114638328552246,0.6942558288574219
13300,13.282500743865967,0.7139301300048828
13700,None,None
14100,23.95863962173462,0.3875613212585449
14500,26.54199528694153,0.6068916320800781
14900,28.122305154800415,0.8191447257995605
