100,0.2753736972808838,0.0056536197662353516
500,1.4047446250915527,0.027606487274169922
900,1.2273895740509033,0.049285173416137695
1300,2.0678658485412598,0.03542613983154297
1700,1.3186335563659668,0.09258317947387695
2100,1.8373091220855713,0.11397981643676758
2500,6.0513646602630615,0.13660264015197754
2900,5.210634708404541,0.15555429458618164
3300,2.0280773639678955,0.18503165245056152
3700,9.58094596862793,0.20230674743652344
4100,3.197490930557251,0.12066841125488281
4500,23.613127946853638,0.24963927268981934
4900,5.443841218948364,0.13595938682556152
5300,4.326645612716675,0.1721968650817871
5700,7.206302881240845,0.3084142208099365
6100,3.2085065841674805,0.16759395599365234
6500,4.7688000202178955,0.18011879920959473
6900,12.992947578430176,0.3882873058319092
7300,6.195619583129883,0.39903831481933594
7700,14.228800296783447,0.4252007007598877
8100,7.7473368644714355,0.2249751091003418
8500,20.70687198638916,0.23790812492370605
8900,5.578033924102783,0.2726316452026367
9300,2.6212968826293945,0.2679450511932373
9700,12.512565612792969,0.5294029712677002
10100,13.712165594100952,0.5527539253234863
10500,19.515057802200317,0.5690951347351074
10900,15.409722089767456,0.5948770046234131
11300,25.75626230239868,0.6222226619720459
11700,24.81781816482544,0.6493730545043945
12100,9.23219919204712,0.3772432804107666
12500,13.111103534698486,0.6142628192901611
12900,15.199362754821777,0.704185962677002
13300,35.838650703430176,0.7250335216522217
13700,18.815216541290283,0.38857173919677734
14100,19.045416831970215,0.39058589935302734
14500,39.332796812057495,0.7680191993713379
14900,20.44898557662964,0.4123220443725586
