100,0.2315361499786377,0.024076223373413086
500,1.260772705078125,0.0281827449798584
900,1.4781434535980225,0.025833606719970703
1300,0.3981292247772217,0.07193326950073242
1700,1.2704510688781738,0.09354948997497559
2100,2.7270002365112305,0.11582803726196289
2500,5.9272377490997314,0.13821959495544434
2900,3.8331856727600098,0.16122150421142578
3300,11.91693639755249,0.17657017707824707
3700,15.763792276382446,0.22017455101013184
4100,2.146702289581299,0.1355297565460205
4500,3.8537120819091797,0.24892282485961914
4900,3.654005527496338,0.2740821838378906
5300,7.979227781295776,0.14831066131591797
5700,24.55440640449524,0.30959200859069824
6100,7.61111307144165,0.3380153179168701
6500,6.9369611740112305,0.358797550201416
6900,16.603390216827393,0.3787968158721924
7300,8.687183141708374,0.3910486698150635
7700,22.536455392837524,0.3521728515625
8100,8.290408849716187,0.4203004837036133
8500,13.097084283828735,0.46660375595092773
8900,8.508260488510132,0.4940180778503418
9300,16.48863196372986,0.5169463157653809
9700,29.85877537727356,0.2673361301422119
10100,14.655956268310547,0.5483551025390625
10500,18.039083003997803,0.5801854133605957
10900,31.783578872680664,0.32164645195007324
11300,44.79662871360779,0.6245822906494141
11700,16.588325023651123,0.6363406181335449
12100,16.700786590576172,0.668370246887207
12500,10.313967943191528,0.6859571933746338
12900,29.564685106277466,0.7101905345916748
13300,11.797611474990845,0.3596475124359131
13700,22.926910877227783,0.7351758480072021
14100,8.274157047271729,0.7473230361938477
14500,16.72745633125305,0.797515869140625
14900,33.58180284500122,0.6189031600952148
