100,0.18907856941223145,0.005736827850341797
500,1.080256462097168,0.014902114868164062
900,0.4083254337310791,0.02448248863220215
1300,3.7207276821136475,0.06587648391723633
1700,2.0360279083251953,0.0927588939666748
2100,3.412548303604126,0.05737948417663574
2500,3.543755054473877,0.07186484336853027
2900,4.111218214035034,0.07803750038146973
3300,0.8797581195831299,0.08989310264587402
3700,1.4506516456604004,0.10089564323425293
4100,8.534651517868042,0.11689019203186035
4500,4.5520429611206055,0.24663043022155762
4900,14.84205150604248,0.23198223114013672
5300,5.65489935874939,0.14745521545410156
5700,15.95554256439209,0.15810012817382812
6100,9.840212345123291,0.3340601921081543
6500,7.393524646759033,0.3524138927459717
6900,2.3295645713806152,0.3805222511291504
7300,10.415085792541504,0.20421504974365234
7700,15.887028694152832,0.41620492935180664
8100,25.32181739807129,0.4437599182128906
8500,9.362582445144653,0.40703749656677246
8900,15.473628282546997,0.36420416831970215
9300,29.717247486114502,0.5113434791564941
9700,3.128523349761963,0.5314037799835205
10100,26.48565363883972,0.5400106906890869
10500,31.771039247512817,0.5692355632781982
10900,36.807451486587524,0.5857326984405518
11300,18.969008207321167,0.3162262439727783
11700,7.737407684326172,0.39177751541137695
12100,13.726211547851562,0.329758882522583
12500,11.459479331970215,0.6758790016174316
12900,32.244317054748535,0.35758185386657715
13300,9.731501340866089,0.36537647247314453
13700,17.023144483566284,0.39094066619873047
14100,13.775422096252441,0.38590526580810547
14500,10.159414052963257,0.39475321769714355
14900,11.809830904006958,0.4358367919921875
