100,0.2724308967590332,0.007529020309448242
500,0.8768975734710693,0.02831578254699707
900,1.9797139167785645,0.053307533264160156
1300,2.699010133743286,0.036159515380859375
1700,2.09806489944458,0.09377002716064453
2100,1.9509565830230713,0.05836296081542969
2500,0.8207957744598389,0.07108426094055176
2900,3.842989683151245,0.15938758850097656
3300,11.354854583740234,0.18061518669128418
3700,3.672025680541992,0.09975409507751465
4100,10.44837474822998,0.224900484085083
4500,2.842212200164795,0.12528634071350098
4900,7.345753908157349,0.26863956451416016
5300,12.335405111312866,0.29250431060791016
5700,8.32572340965271,0.31848597526550293
6100,6.709385395050049,0.3335142135620117
6500,7.358134508132935,0.17884373664855957
6900,5.104493856430054,0.2119283676147461
7300,4.150054454803467,0.20038104057312012
7700,9.413725137710571,0.42221999168395996
8100,6.446244955062866,0.45184874534606934
8500,12.447645664215088,0.43288516998291016
8900,12.013124227523804,0.49161219596862793
9300,9.808980941772461,0.5111005306243896
9700,9.086378574371338,0.5269134044647217
10100,9.431963205337524,0.5555126667022705
10500,23.39840793609619,0.5707011222839355
10900,13.356230974197388,0.594620943069458
11300,25.67734146118164,0.6185481548309326
11700,43.4858922958374,0.6360175609588623
12100,67.1733705997467,0.6700100898742676
12500,33.39340376853943,0.6862537860870361
12900,35.8388991355896,0.7134919166564941
13300,21.912454843521118,0.7332119941711426
13700,10.833060264587402,0.7559564113616943
14100,16.558371782302856,0.7716169357299805
14500,17.64157772064209,0.76969313621521
14900,15.155380964279175,0.8131353855133057
