100,0.031150102615356445,0.005762577056884766
500,0.9882686138153076,0.028361082077026367
900,3.805424690246582,0.04894518852233887
1300,2.407477617263794,0.06970810890197754
1700,0.7660849094390869,0.09251594543457031
2100,1.3790733814239502,0.1139976978302002
2500,2.0973331928253174,0.1329033374786377
2900,6.919406175613403,0.15661311149597168
3300,4.002616882324219,0.17730093002319336
3700,6.066799163818359,0.2029275894165039
4100,4.5316855907440186,0.11125040054321289
4500,7.6934802532196045,0.23876166343688965
4900,4.468003273010254,0.2617483139038086
5300,7.687323570251465,0.284029483795166
5700,4.480366230010986,0.15385651588439941
6100,13.573516130447388,0.32512784004211426
6500,7.4910759925842285,0.27759814262390137
6900,16.699302673339844,0.38623976707458496
7300,10.990403175354004,0.3918626308441162
7700,8.624445676803589,0.4230172634124756
8100,7.087003231048584,0.42621898651123047
8500,8.526774883270264,0.46337103843688965
8900,5.018723249435425,0.48926758766174316
9300,12.90023422241211,0.2855803966522217
9700,5.522862911224365,0.27506566047668457
10100,5.411053419113159,0.54659104347229
10500,13.862332344055176,0.2920510768890381
10900,15.549052476882935,0.5919568538665771
11300,11.61741328239441,0.6130001544952393
11700,28.429229974746704,0.6388115882873535
12100,12.95829439163208,0.3343641757965088
12500,7.032182455062866,0.673919677734375
12900,22.805564880371094,0.377199649810791
13300,8.276503562927246,0.3586266040802002
13700,12.54475450515747,0.3681151866912842
14100,12.24588656425476,0.38402795791625977
14500,9.431902408599854,0.4022378921508789
14900,8.870915174484253,0.41554880142211914
