100,0.19640302658081055,0.005998373031616211
500,0.794104814529419,0.028103351593017578
900,0.8796167373657227,0.0501103401184082
1300,2.0481700897216797,0.07275819778442383
1700,4.484206676483154,0.09424948692321777
2100,3.744711399078369,0.05774831771850586
2500,1.8617303371429443,0.13666677474975586
2900,2.469297170639038,0.15957164764404297
3300,3.553823947906494,0.18008923530578613
3700,8.28181505203247,0.20561647415161133
4100,9.082451820373535,0.21912884712219238
4500,7.061006307601929,0.25647974014282227
4900,13.780228614807129,0.13680148124694824
5300,5.710375547409058,0.14815378189086914
5700,8.244266748428345,0.1579902172088623
6100,15.505856037139893,0.17143821716308594
6500,4.851606845855713,0.3683280944824219
6900,5.604477882385254,0.37889790534973145
7300,7.435088157653809,0.4056837558746338
7700,6.4930713176727295,0.4297060966491699
8100,8.116226196289062,0.22329044342041016
8500,5.591202020645142,0.23990559577941895
8900,12.558576583862305,0.25017714500427246
9300,14.269635438919067,0.5091676712036133
9700,17.234044075012207,0.5407609939575195
10100,9.848837852478027,0.28392744064331055
10500,5.455756187438965,0.3434598445892334
10900,30.132986783981323,0.30280232429504395
11300,14.234468221664429,0.6210734844207764
11700,24.211838722229004,0.6293661594390869
12100,10.40968632698059,0.6677629947662354
12500,17.888238668441772,0.6873526573181152
12900,15.563540935516357,0.7039089202880859
13300,15.074084997177124,0.7249636650085449
13700,14.533836126327515,0.7444348335266113
14100,40.56866097450256,0.7679288387298584
14500,19.20506477355957,0.7934503555297852
14900,22.606772661209106,0.4068484306335449
