100,0.12190079689025879,0.00575709342956543
500,0.4216594696044922,0.02779984474182129
900,1.2404706478118896,0.050035715103149414
1300,0.7685973644256592,0.03580045700073242
1700,2.1528282165527344,0.046967506408691406
2100,1.6526179313659668,0.058589935302734375
2500,3.3278448581695557,0.06864333152770996
2900,6.345731496810913,0.15886974334716797
3300,3.608025312423706,0.17096328735351562
3700,2.5295605659484863,0.09956121444702148
4100,6.767060279846191,0.22414946556091309
4500,6.8358259201049805,0.2425398826599121
4900,3.9853835105895996,0.14333701133728027
5300,11.859100341796875,0.2863914966583252
5700,9.229763269424438,0.30636048316955566
6100,18.442144870758057,0.3337717056274414
6500,11.768308401107788,0.17534446716308594
6900,5.362124443054199,0.36957716941833496
7300,4.720621824264526,0.4235858917236328
7700,15.827327251434326,0.41275691986083984
8100,13.12336540222168,0.43547606468200684
8500,9.07212495803833,0.4554290771484375
8900,8.964171648025513,0.44718074798583984
9300,9.85717487335205,0.3998286724090576
9700,16.028884887695312,0.533308744430542
10100,17.60073947906494,0.4109933376312256
10500,7.969217300415039,0.586484432220459
10900,4.376790285110474,0.5692896842956543
11300,19.543114185333252,0.6106569766998291
11700,38.741923570632935,0.6434793472290039
12100,13.244629859924316,0.6722307205200195
12500,37.85289907455444,0.3628964424133301
12900,17.853134632110596,0.6909477710723877
13300,9.085530519485474,0.5120124816894531
13700,9.35339641571045,0.7606937885284424
14100,6.451632976531982,0.3957943916320801
14500,22.705011129379272,0.42182254791259766
14900,None,None
