100,0.234513521194458,0.0060002803802490234
500,0.5629012584686279,0.028015613555908203
900,1.644589900970459,0.05084061622619629
1300,3.968616485595703,0.07208824157714844
1700,1.7404892444610596,0.09434247016906738
2100,2.046048164367676,0.10622000694274902
2500,8.429574489593506,0.1375889778137207
2900,2.2278199195861816,0.21564221382141113
3300,12.340797185897827,0.0934140682220459
3700,4.2201149463653564,0.10451078414916992
4100,17.91678810119629,0.22892308235168457
4500,3.8843839168548584,0.17101693153381348
4900,2.0374696254730225,0.13414692878723145
5300,6.6055073738098145,0.2881627082824707
5700,14.611447811126709,0.3121500015258789
6100,9.024753332138062,0.33124351501464844
6500,9.245229721069336,0.35431528091430664
6900,10.646531581878662,0.3765883445739746
7300,6.995621919631958,0.39797210693359375
7700,16.39908528327942,0.41840124130249023
8100,7.882853269577026,0.4151151180267334
8500,11.313119649887085,0.4628610610961914
8900,23.596640586853027,0.463334321975708
9300,8.174429655075073,0.5054128170013428
9700,9.007747650146484,0.5428404808044434
10100,26.966167449951172,0.5523476600646973
10500,30.391160011291504,0.5734632015228271
10900,12.061044931411743,0.5970563888549805
11300,30.48627805709839,0.6182441711425781
11700,19.798661708831787,0.6364760398864746
12100,14.840481042861938,0.662879467010498
12500,36.93798875808716,0.684546947479248
12900,37.23604607582092,0.6983046531677246
13300,21.45188069343567,0.7420110702514648
13700,19.03996181488037,0.7426960468292236
14100,12.651562452316284,0.38288235664367676
14500,13.887358665466309,0.377399206161499
14900,14.7069993019104,0.3889656066894531
