100,0.21236109733581543,0.0030775070190429688
500,0.6672525405883789,0.014551877975463867
900,1.3858449459075928,0.025334835052490234
1300,0.5988950729370117,0.03692007064819336
1700,2.799436330795288,0.047170400619506836
2100,1.486231803894043,0.05966615676879883
2500,0.8737194538116455,0.07059121131896973
2900,4.176239728927612,0.08073234558105469
3300,2.905864715576172,0.0908811092376709
3700,1.7167513370513916,0.10168838500976562
4100,1.7679214477539062,0.16124629974365234
4500,4.180991172790527,0.24457216262817383
4900,10.093371629714966,0.13486027717590332
5300,4.157054901123047,0.2940683364868164
5700,16.307881593704224,0.31042027473449707
6100,8.12237024307251,0.3323698043823242
6500,5.062652111053467,0.35384607315063477
6900,17.777830600738525,0.37122106552124023
7300,14.196301460266113,0.37731075286865234
7700,4.873872756958008,0.21492624282836914
8100,6.089944839477539,0.32861328125
8500,9.422734260559082,0.24870753288269043
8900,5.7727131843566895,0.25400280952453613
9300,11.098550796508789,0.5125374794006348
9700,15.718010663986206,0.5287594795227051
10100,19.123606204986572,0.28411126136779785
10500,25.6665301322937,0.3075079917907715
10900,7.742684364318848,0.3170747756958008
11300,11.107291460037231,0.31638288497924805
11700,20.493979454040527,0.6378414630889893
12100,20.30084252357483,0.3378276824951172
12500,23.231178283691406,0.6513607501983643
12900,19.822688579559326,0.6525280475616455
13300,4.759013652801514,0.38045692443847656
13700,34.46158146858215,0.7514641284942627
14100,31.90145468711853,0.7706310749053955
14500,8.862642288208008,0.7989742755889893
14900,50.90778470039368,0.40592145919799805
