100,0.1457831859588623,0.00774836540222168
500,0.6514272689819336,0.028993606567382812
900,1.404233694076538,0.05153298377990723
1300,2.509974718093872,0.07135677337646484
1700,1.8449597358703613,0.11093568801879883
2100,5.830296039581299,0.06312274932861328
2500,9.48963189125061,0.13906192779541016
2900,6.129063844680786,0.1611332893371582
3300,3.6679346561431885,0.18334603309631348
3700,4.131988763809204,0.2028369903564453
4100,8.45383596420288,0.11294770240783691
4500,6.06177830696106,0.24881958961486816
4900,8.172991514205933,0.13731622695922852
5300,4.445550918579102,0.22072839736938477
5700,9.34736943244934,0.1559450626373291
6100,None,None
6500,6.66561222076416,0.35617995262145996
6900,12.269269704818726,0.3869647979736328
7300,16.629072427749634,0.4045400619506836
7700,9.395119667053223,0.4135556221008301
8100,6.690598726272583,0.3077054023742676
8500,None,None
8900,13.312005996704102,0.2445671558380127
9300,17.455915689468384,0.2636895179748535
9700,3.6355273723602295,0.5328586101531982
10100,26.63479709625244,0.27809667587280273
10500,17.699548959732056,0.5770862102508545
10900,9.142271041870117,0.5779538154602051
11300,18.59504199028015,0.31411314010620117
11700,8.894503831863403,0.6404097080230713
12100,7.363651752471924,0.33559083938598633
12500,26.347004175186157,0.502427339553833
12900,19.852627277374268,0.7214980125427246
13300,24.452600240707397,0.3881866931915283
13700,32.91074895858765,0.755164384841919
14100,25.062710285186768,0.7651822566986084
14500,13.08790397644043,0.7982132434844971
14900,36.173741579055786,0.816049337387085
