100,0.13029861450195312,0.003129720687866211
500,1.4965722560882568,0.027750015258789062
900,2.307272434234619,0.05131864547729492
1300,1.015822410583496,0.0359647274017334
1700,4.22285008430481,0.09454798698425293
2100,3.0021238327026367,0.05908513069152832
2500,3.842759847640991,0.06921601295471191
2900,2.3512260913848877,0.12929606437683105
3300,2.451932430267334,0.18371939659118652
3700,1.2011184692382812,0.1028127670288086
4100,6.2931249141693115,0.11235713958740234
4500,2.558356523513794,0.12328791618347168
4900,3.768101930618286,0.1822817325592041
5300,5.018091201782227,0.14571142196655273
5700,17.096251010894775,0.3164193630218506
6100,11.038421630859375,0.3358278274536133
6500,9.108193159103394,0.3556220531463623
6900,10.443559646606445,0.37737083435058594
7300,21.296095371246338,0.251910924911499
7700,11.996812105178833,0.42008185386657715
8100,8.327943086624146,0.4457252025604248
8500,13.65182900428772,0.46807861328125
8900,21.030996561050415,0.4902637004852295
9300,16.55442976951599,0.5112819671630859
9700,8.860595226287842,0.5386230945587158
10100,9.285518884658813,0.5556037425994873
10500,6.1758646965026855,0.5492002964019775
10900,7.85294771194458,0.6000096797943115
11300,16.990273475646973,0.31534504890441895
11700,14.841242790222168,0.3246653079986572
12100,25.504008293151855,0.35074567794799805
12500,7.866863012313843,0.5552680492401123
12900,14.568506717681885,0.36854076385498047
13300,30.51453185081482,0.3695359230041504
13700,8.624262571334839,0.4789409637451172
14100,8.617093801498413,0.45148348808288574
14500,21.598129510879517,0.7511787414550781
14900,11.379394769668579,0.8262820243835449
