100,0.4631648063659668,0.007535457611083984
500,1.419123649597168,0.028626680374145508
900,0.44046998023986816,0.05017256736755371
1300,1.1005382537841797,0.07173728942871094
1700,1.3380365371704102,0.0919954776763916
2100,1.1491897106170654,0.05687570571899414
2500,1.1256482601165771,0.13451194763183594
2900,4.1675944328308105,0.15833449363708496
3300,5.846279859542847,0.18019914627075195
3700,3.3121683597564697,0.1979384422302246
4100,6.703992605209351,0.22603225708007812
4500,6.040012359619141,0.24991631507873535
4900,10.489245653152466,0.1357102394104004
5300,12.624208450317383,0.2943267822265625
5700,13.26192593574524,0.15640497207641602
6100,11.39355182647705,0.16666054725646973
6500,6.130585432052612,0.3506903648376465
6900,6.36420464515686,0.38208484649658203
7300,7.324008464813232,0.36862611770629883
7700,5.740976810455322,0.2087421417236328
8100,13.0166757106781,0.22482633590698242
8500,9.822129726409912,0.4594309329986572
8900,26.167573928833008,0.47229862213134766
9300,20.56274938583374,0.5134100914001465
9700,8.841445922851562,0.5338151454925537
10100,11.85020136833191,0.5556995868682861
10500,16.45510959625244,0.5662009716033936
10900,22.020626544952393,0.6089470386505127
11300,23.75851345062256,0.31590938568115234
11700,10.694230318069458,0.645683765411377
12100,12.197031497955322,0.6729221343994141
12500,33.81732368469238,0.6906874179840088
12900,9.134037733078003,0.7088606357574463
13300,20.134428024291992,0.7323496341705322
13700,20.68155288696289,0.373110294342041
14100,12.856481313705444,0.775296688079834
14500,7.885577201843262,0.45033693313598633
14900,16.654396057128906,0.5460500717163086
