100,0.0783994197845459,0.005929231643676758
500,0.4921386241912842,0.028171300888061523
900,1.5083017349243164,0.024832487106323242
1300,3.9004719257354736,0.07194352149963379
1700,4.117705821990967,0.04629921913146973
2100,2.505249500274658,0.05712556838989258
2500,6.49416184425354,0.1343834400177002
2900,6.379938840866089,0.08204841613769531
3300,6.6885998249053955,0.183363676071167
3700,7.646783351898193,0.20713543891906738
4100,7.56030797958374,0.11309051513671875
4500,3.4450342655181885,0.12650823593139648
4900,4.536445617675781,0.27318906784057617
5300,5.948208570480347,0.29033350944519043
5700,9.163060665130615,0.3119940757751465
6100,12.193733930587769,0.3266761302947998
6500,4.9521894454956055,0.2778201103210449
6900,6.892780780792236,0.3732173442840576
7300,9.962657451629639,0.20525050163269043
7700,15.717201709747314,0.36504530906677246
8100,24.69198226928711,0.4495725631713867
8500,10.703684329986572,0.4581165313720703
8900,9.039984226226807,0.48873353004455566
9300,13.820723295211792,0.5099704265594482
9700,21.261762380599976,0.5293662548065186
10100,12.728633165359497,0.5478038787841797
10500,18.090638637542725,0.28757166862487793
10900,11.506628513336182,0.585446834564209
11300,8.394726991653442,0.5941605567932129
11700,13.095124244689941,0.6305692195892334
12100,25.18459439277649,0.6588459014892578
12500,15.06080436706543,0.3416709899902344
12900,28.44747519493103,0.40564846992492676
13300,59.07323694229126,0.7186603546142578
13700,7.575066328048706,0.37135910987854004
14100,8.976589679718018,0.3942291736602783
14500,10.305915832519531,0.3985292911529541
14900,22.497920989990234,0.4151923656463623
