100,0.16750645637512207,0.00778508186340332
500,1.5031042098999023,0.028361082077026367
900,0.6685950756072998,0.05033564567565918
1300,1.3827095031738281,0.07222819328308105
1700,4.644803047180176,0.09358096122741699
2100,3.879854679107666,0.09950661659240723
2500,7.367955684661865,0.07005190849304199
2900,2.748636245727539,0.08141350746154785
3300,3.7844607830047607,0.17990851402282715
3700,6.313583850860596,0.12972664833068848
4100,16.07886290550232,0.22046780586242676
4500,2.142268657684326,0.12399983406066895
4900,4.7095887660980225,0.2755131721496582
5300,7.616916179656982,0.29810023307800293
5700,1.5384087562561035,0.31277942657470703
6100,11.779055833816528,0.31232237815856934
6500,7.003882884979248,0.3578946590423584
6900,9.511247158050537,0.21677684783935547
7300,5.605851411819458,0.4007437229156494
7700,10.493351936340332,0.2148876190185547
8100,17.876513481140137,0.42238569259643555
8500,None,None
8900,25.374828577041626,0.4756126403808594
9300,16.918864727020264,0.5158889293670654
9700,11.75892186164856,0.4526205062866211
10100,20.931549549102783,0.27798986434936523
10500,12.614870071411133,0.28959059715270996
10900,21.88621973991394,0.5927879810333252
11300,17.200496912002563,0.5959122180938721
11700,16.713064670562744,0.4946117401123047
12100,18.721694946289062,0.6519548892974854
12500,15.535465240478516,0.6703472137451172
12900,23.695035457611084,0.7038960456848145
13300,None,None
13700,29.2008638381958,0.4158039093017578
14100,30.04860281944275,0.5436129570007324
14500,21.78940510749817,0.7906880378723145
14900,6.093259572982788,0.7960102558135986
