100,0.1470637321472168,0.004206657409667969
500,0.6687829494476318,0.028263092041015625
900,2.13211989402771,0.04926657676696777
1300,1.7502965927124023,0.07120990753173828
1700,1.2682428359985352,0.08930611610412598
2100,5.984179496765137,0.10734939575195312
2500,6.789255619049072,0.13886594772338867
2900,6.224762201309204,0.0797567367553711
3300,8.732462406158447,0.18275117874145508
3700,5.264346122741699,0.10233902931213379
4100,4.1676647663116455,0.2261507511138916
4500,4.1565470695495605,0.2429637908935547
4900,3.626472234725952,0.2658209800720215
5300,5.316648960113525,0.28800201416015625
5700,5.831587314605713,0.3119981288909912
6100,5.802890777587891,0.33304524421691895
6500,9.833244323730469,0.3575460910797119
6900,3.195815324783325,0.36931800842285156
7300,38.72436547279358,0.39627504348754883
7700,14.445315599441528,0.21319031715393066
8100,3.518808126449585,0.22705507278442383
8500,11.306458711624146,0.23463177680969238
8900,11.524141788482666,0.3762493133544922
9300,6.184324264526367,0.5078239440917969
9700,5.2753636837005615,0.5346133708953857
10100,24.81268572807312,0.546367883682251
10500,23.678372383117676,0.2860536575317383
10900,5.924470663070679,0.42538976669311523
11300,13.061484575271606,0.616180419921875
11700,14.888739585876465,0.6255702972412109
12100,11.779795408248901,0.6682968139648438
12500,16.955636024475098,0.689338207244873
12900,18.434926748275757,0.7090153694152832
13300,32.706878662109375,0.7187964916229248
13700,21.054901838302612,0.7505021095275879
14100,19.40406823158264,0.7756304740905762
14500,9.070509910583496,0.8020551204681396
14900,19.01045536994934,0.41598987579345703
