100,0.14719057083129883,0.005830049514770508
500,0.6037445068359375,0.02811408042907715
900,1.489293098449707,0.04932522773742676
1300,0.8023121356964111,0.07205533981323242
1700,1.5257840156555176,0.09249997138977051
2100,1.8136556148529053,0.1139225959777832
2500,3.402137279510498,0.12769770622253418
2900,4.568288087844849,0.15601539611816406
3300,4.4617156982421875,0.1720740795135498
3700,2.463791608810425,0.20329070091247559
4100,4.935157299041748,0.22217869758605957
4500,11.934349536895752,0.2467954158782959
4900,12.054473638534546,0.26619720458984375
5300,3.530555486679077,0.2838306427001953
5700,12.695516586303711,0.3106522560119629
6100,18.63678526878357,0.3104555606842041
6500,7.121803045272827,0.3518834114074707
6900,13.107314586639404,0.37267255783081055
7300,14.333637237548828,0.38382720947265625
7700,11.88159966468811,0.418682336807251
8100,15.828758716583252,0.4568624496459961
8500,14.517422437667847,0.47574663162231445
8900,5.612359285354614,0.25380420684814453
9300,12.632344722747803,0.25974011421203613
9700,7.862483739852905,0.3068206310272217
10100,17.954880952835083,0.5524942874908447
10500,14.852280616760254,0.29633140563964844
10900,12.074299097061157,0.32644033432006836
11300,5.980486869812012,0.6209530830383301
11700,14.460003852844238,0.4725186824798584
12100,2.7481613159179688,0.3362772464752197
12500,26.10655379295349,0.668471097946167
12900,17.58004593849182,0.3695192337036133
13300,15.318191051483154,0.7389752864837646
13700,12.045914649963379,0.746406078338623
14100,28.94079279899597,0.7743160724639893
14500,5.428309440612793,0.4055593013763428
14900,11.305835485458374,0.3957343101501465
