100,0.09147810935974121,0.005918264389038086
500,0.5491595268249512,0.027754783630371094
900,0.7333040237426758,0.025050640106201172
1300,1.3561739921569824,0.042510986328125
1700,1.1309504508972168,0.09314417839050293
2100,2.51851224899292,0.057735443115234375
2500,8.73600435256958,0.13630318641662598
2900,3.5125131607055664,0.08104515075683594
3300,5.786828994750977,0.18022942543029785
3700,1.924891471862793,0.10085868835449219
4100,6.951899766921997,0.22267580032348633
4500,6.291499137878418,0.1232147216796875
4900,4.368517160415649,0.1440281867980957
5300,2.501366376876831,0.1475372314453125
5700,3.6892035007476807,0.3173105716705322
6100,5.000366449356079,0.33401036262512207
6500,6.63796067237854,0.2310047149658203
6900,7.491235971450806,0.36204004287719727
7300,12.268627882003784,0.33483123779296875
7700,12.506696462631226,0.4113433361053467
8100,7.404707670211792,0.44627809524536133
8500,17.847949743270874,0.4655613899230957
8900,19.230764150619507,0.4970428943634033
9300,17.82730793952942,0.25667357444763184
9700,11.905839204788208,0.2861182689666748
10100,7.260491371154785,0.5609354972839355
10500,2.851647138595581,0.57318115234375
10900,10.555666446685791,0.4522113800048828
11300,10.502326011657715,0.6327967643737793
11700,13.872642040252686,0.3307526111602783
12100,10.90345573425293,0.6733913421630859
12500,7.526012182235718,0.6768949031829834
12900,37.00359606742859,0.7105660438537598
13300,13.177531242370605,0.3768329620361328
13700,15.327569246292114,0.773061990737915
14100,8.57053017616272,0.7884409427642822
14500,15.061242580413818,0.799036979675293
14900,21.880298852920532,0.8171920776367188
