100,0.22264933586120605,0.0064544677734375
500,0.5960512161254883,0.028728723526000977
900,0.7377297878265381,0.050667524337768555
1300,2.3408331871032715,0.07143521308898926
1700,5.486258029937744,0.09436368942260742
2100,2.897228956222534,0.11655759811401367
2500,0.9280636310577393,0.06922125816345215
2900,1.2405221462249756,0.11338615417480469
3300,3.2340922355651855,0.18204975128173828
3700,6.334610462188721,0.2035207748413086
4100,2.6303603649139404,0.11516451835632324
4500,3.500413179397583,0.2507929801940918
4900,8.186815738677979,0.15015053749084473
5300,10.473689317703247,0.28882479667663574
5700,7.819192409515381,0.30897021293640137
6100,19.68600845336914,0.3140444755554199
6500,5.419932126998901,0.3584728240966797
6900,6.737725734710693,0.19016695022583008
7300,13.54885983467102,0.39589357376098633
7700,4.854593276977539,0.4173431396484375
8100,14.77187204360962,0.3746531009674072
8500,13.051899433135986,0.4645054340362549
8900,5.021384954452515,0.2477884292602539
9300,27.320338487625122,0.505842924118042
9700,14.94393801689148,0.531928300857544
10100,12.242116928100586,0.2824676036834717
10500,2.4625868797302246,0.2957346439361572
10900,3.0503618717193604,0.5520033836364746
11300,7.502493381500244,0.6141366958618164
11700,22.088125944137573,0.6391749382019043
12100,6.936953067779541,0.6549749374389648
12500,13.414469957351685,0.37134623527526855
12900,14.229146718978882,0.7007193565368652
13300,10.09902548789978,0.7304363250732422
13700,22.937549829483032,0.4751601219177246
14100,11.172117948532104,0.6367194652557373
14500,29.37865376472473,0.8061089515686035
14900,40.417141914367676,0.8121752738952637
