100,0.27272725105285645,0.007261037826538086
500,1.2173495292663574,0.028584957122802734
900,1.2434215545654297,0.049612998962402344
1300,2.5968432426452637,0.07087087631225586
1700,1.586653470993042,0.09338998794555664
2100,5.0427093505859375,0.11748552322387695
2500,1.5048198699951172,0.1383504867553711
2900,5.469076871871948,0.08223605155944824
3300,3.024975299835205,0.09208440780639648
3700,4.226847171783447,0.12552404403686523
4100,2.520784616470337,0.12678885459899902
4500,5.246189594268799,0.17897391319274902
4900,16.885456562042236,0.13618993759155273
5300,7.822765350341797,0.14723491668701172
5700,1.6683554649353027,0.1629781723022461
6100,14.54107403755188,0.20812487602233887
6500,17.43451428413391,0.353909969329834
6900,14.12503957748413,0.37833094596862793
7300,9.497837781906128,0.40032100677490234
7700,5.08062744140625,0.417421817779541
8100,5.77332067489624,0.44543027877807617
8500,9.05075216293335,0.23959136009216309
8900,21.049104690551758,0.49376463890075684
9300,17.009374380111694,0.5038268566131592
9700,8.934526443481445,0.26926469802856445
10100,8.100751399993896,0.5624539852142334
10500,21.16431188583374,0.28870439529418945
10900,25.38483190536499,0.593050479888916
11300,22.128615140914917,0.3155074119567871
11700,9.77278733253479,0.37081408500671387
12100,21.046557426452637,0.6556797027587891
12500,44.97501349449158,0.49977993965148926
12900,34.28342032432556,0.7268638610839844
13300,26.09330701828003,0.37784886360168457
13700,24.14011263847351,0.7492754459381104
14100,41.59903287887573,0.7508726119995117
14500,18.059201955795288,0.798647403717041
14900,14.780272245407104,0.4992687702178955
