100,0.3462393283843994,0.00786590576171875
500,0.8152995109558105,0.01949906349182129
900,1.9521305561065674,0.04933500289916992
1300,3.281301736831665,0.06979179382324219
1700,0.7141726016998291,0.046401262283325195
2100,10.90047550201416,0.11430883407592773
2500,7.630218029022217,0.13802599906921387
2900,12.13110637664795,0.15948486328125
3300,5.090335369110107,0.09176230430603027
3700,20.405907154083252,0.20136356353759766
4100,5.492453575134277,0.22149181365966797
4500,3.0113115310668945,0.24243545532226562
4900,1.6562330722808838,0.21616673469543457
5300,10.866149663925171,0.2869429588317871
5700,8.595877885818481,0.30812549591064453
6100,8.171819686889648,0.33461618423461914
6500,8.082252740859985,0.35535168647766113
6900,15.948986053466797,0.37500786781311035
7300,3.761963129043579,0.3940880298614502
7700,13.66961407661438,0.4195742607116699
8100,8.276753187179565,0.22214555740356445
8500,2.9396750926971436,0.45609402656555176
8900,9.310239791870117,0.4233124256134033
9300,25.695574045181274,0.5194532871246338
9700,32.39420223236084,0.5396566390991211
10100,6.575229644775391,0.5495967864990234
10500,20.052408933639526,0.568260908126831
10900,6.241587162017822,0.5885453224182129
11300,11.305425643920898,0.3130803108215332
11700,11.374788522720337,0.646935224533081
12100,17.708006858825684,0.46841859817504883
12500,30.35040593147278,0.6760008335113525
12900,17.34987735748291,0.6999416351318359
13300,24.691596269607544,0.7163653373718262
13700,56.577189445495605,0.6652817726135254
14100,32.209983348846436,0.7724616527557373
14500,15.853633165359497,0.7877676486968994
14900,24.70038414001465,0.8090255260467529
