100,0.17327213287353516,0.005926370620727539
500,0.9515426158905029,0.028395891189575195
900,0.6048836708068848,0.0494685173034668
1300,3.780626058578491,0.07141757011413574
1700,4.662765741348267,0.09338092803955078
2100,1.3447976112365723,0.11641740798950195
2500,2.208433151245117,0.1367180347442627
2900,6.796504020690918,0.1569528579711914
3300,8.086631536483765,0.16787362098693848
3700,4.796287536621094,0.20248031616210938
4100,11.586990594863892,0.22594070434570312
4500,13.637791633605957,0.25182628631591797
4900,7.7450761795043945,0.13309764862060547
5300,5.667377710342407,0.29227447509765625
5700,10.825112342834473,0.15813899040222168
6100,20.461421728134155,0.34083008766174316
6500,13.69030499458313,0.3583672046661377
6900,14.029729127883911,0.23180150985717773
7300,13.4221670627594,0.40082883834838867
7700,20.88316559791565,0.425642728805542
8100,4.842800855636597,0.22043490409851074
8500,10.784770727157593,0.4569056034088135
8900,46.93724465370178,0.48653674125671387
9300,8.865020513534546,0.30289244651794434
9700,10.611986637115479,0.5303659439086914
10100,15.667424201965332,0.280956506729126
10500,1.8491919040679932,0.3002774715423584
10900,25.292840242385864,0.5935399532318115
11300,15.189197778701782,0.6128039360046387
11700,19.2631733417511,0.6267824172973633
12100,22.929014682769775,0.3344895839691162
12500,12.330975532531738,0.3469371795654297
12900,36.30336403846741,0.34493303298950195
13300,7.096282958984375,0.35739850997924805
13700,11.424321174621582,0.36544179916381836
14100,12.082857608795166,0.42029833793640137
14500,10.185801267623901,0.3823075294494629
14900,None,None
