100,0.12354588508605957,0.0031011104583740234
500,0.37547779083251953,0.014044523239135742
900,0.8481597900390625,0.025260210037231445
1300,0.6070852279663086,0.03554105758666992
1700,1.1324872970581055,0.046209096908569336
2100,4.370823621749878,0.1142580509185791
2500,4.2733094692230225,0.06910943984985352
2900,6.120159387588501,0.16346287727355957
3300,3.5951085090637207,0.183790922164917
3700,11.449704647064209,0.20441150665283203
4100,6.9979774951934814,0.2227323055267334
4500,5.818301439285278,0.24577093124389648
4900,10.165929317474365,0.27121663093566895
5300,10.166191101074219,0.29278087615966797
5700,11.807483911514282,0.31346750259399414
6100,14.270545721054077,0.33884239196777344
6500,15.010297060012817,0.3595707416534424
6900,21.083400011062622,0.38277554512023926
7300,7.5899317264556885,0.3979651927947998
7700,10.683724880218506,0.42382168769836426
8100,20.047088861465454,0.45238494873046875
8500,11.619140863418579,0.46457910537719727
8900,11.214368104934692,0.48918676376342773
9300,10.09338927268982,0.5135273933410645
9700,26.950599193572998,0.5349776744842529
10100,54.405423164367676,0.5352239608764648
10500,32.13182044029236,0.5783519744873047
10900,14.539165019989014,0.6035733222961426
11300,15.296501874923706,0.6184897422790527
11700,21.999368906021118,0.6467227935791016
12100,12.512240171432495,0.6661298274993896
12500,19.56910490989685,0.686333417892456
12900,17.49075722694397,0.7064244747161865
13300,12.378904819488525,0.7396502494812012
13700,6.151893138885498,0.37902235984802246
14100,4.38348913192749,0.7777717113494873
14500,4.508486747741699,0.4027402400970459
14900,19.71742606163025,0.4103574752807617
