100,0.33066678047180176,0.007893085479736328
500,2.567300796508789,0.029155254364013672
900,0.8325705528259277,0.051352739334106445
1300,1.682849645614624,0.07307696342468262
1700,2.562915086746216,0.047525882720947266
2100,4.072997808456421,0.11598825454711914
2500,5.006361961364746,0.13925671577453613
2900,4.788076877593994,0.08132123947143555
3300,2.2819416522979736,0.18392133712768555
3700,3.215451955795288,0.20907855033874512
4100,4.487489461898804,0.22930622100830078
4500,7.1815972328186035,0.24714279174804688
4900,7.630178689956665,0.2701566219329834
5300,19.772626161575317,0.2930583953857422
5700,10.908137559890747,0.15920066833496094
6100,12.383435487747192,0.33802008628845215
6500,10.505349159240723,0.3483598232269287
6900,10.46317434310913,0.18866991996765137
7300,9.865084409713745,0.2024075984954834
7700,3.318138837814331,0.21415424346923828
8100,10.291645050048828,0.44442319869995117
8500,9.999375343322754,0.23560738563537598
8900,16.634434938430786,0.2924344539642334
9300,16.350271224975586,0.5180966854095459
9700,9.836621761322021,0.5407464504241943
10100,7.786844730377197,0.5605099201202393
10500,10.075131893157959,0.5908973217010498
10900,31.454344034194946,0.6046569347381592
11300,12.133386850357056,0.31430602073669434
11700,23.06818151473999,0.31935715675354004
12100,10.522860765457153,0.6596407890319824
12500,19.459379196166992,0.6808130741119385
12900,16.50980806350708,0.701127290725708
13300,11.81765604019165,0.72530198097229
13700,9.130934953689575,0.7488622665405273
14100,22.18522310256958,0.4174513816833496
14500,13.018802404403687,0.7904608249664307
14900,12.50871729850769,0.8180069923400879
