100,0.15310359001159668,0.0041656494140625
500,0.9362328052520752,0.02862858772277832
900,0.5576159954071045,0.053231000900268555
1300,1.863945722579956,0.07254552841186523
1700,4.968974590301514,0.04715991020202637
2100,4.764007329940796,0.11600351333618164
2500,3.780539035797119,0.1387183666229248
2900,4.7821204662323,0.15914344787597656
3300,3.973346710205078,0.09722065925598145
3700,2.9377572536468506,0.10601663589477539
4100,5.27749490737915,0.22646737098693848
4500,3.379777431488037,0.2479398250579834
4900,3.8228440284729004,0.2698242664337158
5300,5.126029014587402,0.29079771041870117
5700,8.269457578659058,0.3096761703491211
6100,13.436710119247437,0.33185863494873047
6500,14.111677646636963,0.3519322872161865
6900,7.902629613876343,0.3749203681945801
7300,19.766297101974487,0.20711994171142578
7700,8.149024963378906,0.4301018714904785
8100,14.75270938873291,0.4495854377746582
8500,3.3410675525665283,0.46982908248901367
8900,24.373971700668335,0.4815340042114258
9300,5.733824968338013,0.5095174312591553
9700,9.2844557762146,0.3220484256744385
10100,16.95169234275818,0.3598594665527344
10500,16.84484362602234,0.578108549118042
10900,14.160853624343872,0.6101837158203125
11300,33.83006763458252,0.6216413974761963
11700,21.01332139968872,0.34493112564086914
12100,13.944645881652832,0.6552414894104004
12500,10.64764404296875,0.6785385608673096
12900,16.245532989501953,0.7093114852905273
13300,10.74715518951416,0.7360429763793945
13700,36.29669451713562,0.7474641799926758
14100,27.58037567138672,0.7809693813323975
14500,24.977452754974365,0.7825238704681396
14900,38.60607838630676,0.8099331855773926
