100,0.2650899887084961,0.005819797515869141
500,1.2565538883209229,0.02806568145751953
900,0.8896629810333252,0.05003023147583008
1300,1.9296300411224365,0.0718231201171875
1700,3.995300531387329,0.09233331680297852
2100,3.7051000595092773,0.057610511779785156
2500,5.433254957199097,0.13891911506652832
2900,9.662968873977661,0.16068267822265625
3300,4.952977895736694,0.17810893058776855
3700,8.769492149353027,0.20081639289855957
4100,11.064848899841309,0.2217085361480713
4500,8.92476487159729,0.24454379081726074
4900,6.924534559249878,0.2648024559020996
5300,4.2647786140441895,0.2857480049133301
5700,4.008036375045776,0.2953042984008789
6100,15.499406099319458,0.3315858840942383
6500,18.787249088287354,0.35129404067993164
6900,9.559063196182251,0.3747076988220215
7300,13.434066534042358,0.40049266815185547
7700,4.864849090576172,0.41587305068969727
8100,8.89460301399231,0.43581700325012207
8500,8.794324398040771,0.46062445640563965
8900,12.405154705047607,0.48239636421203613
9300,9.844427347183228,0.502169132232666
9700,4.545072793960571,0.5260255336761475
10100,6.812536001205444,0.5498347282409668
10500,12.107466220855713,0.5762341022491455
10900,8.916050672531128,0.5938575267791748
11300,18.931820392608643,0.6056487560272217
11700,9.393548250198364,0.6315340995788574
12100,16.285788536071777,0.6647543907165527
12500,26.169475555419922,0.6842906475067139
12900,28.7989022731781,0.7001931667327881
13300,11.196120262145996,0.5489611625671387
13700,47.26760292053223,0.5112414360046387
14100,11.012259006500244,0.7784759998321533
14500,28.716822624206543,0.3984971046447754
14900,17.453973054885864,0.46092772483825684
