100,0.18567752838134766,0.007592439651489258
500,0.9255127906799316,0.028716564178466797
900,1.3038840293884277,0.04907393455505371
1300,1.4418601989746094,0.07157707214355469
1700,4.406646490097046,0.09370160102844238
2100,3.1744422912597656,0.057749271392822266
2500,3.6508474349975586,0.1354055404663086
2900,3.3853235244750977,0.15698528289794922
3300,2.5341179370880127,0.17156028747558594
3700,8.145647287368774,0.10220098495483398
4100,2.976529836654663,0.11778426170349121
4500,4.883922338485718,0.2416849136352539
4900,11.92785382270813,0.2675750255584717
5300,9.31915545463562,0.2880995273590088
5700,6.421831846237183,0.15971136093139648
6100,5.213207244873047,0.33553624153137207
6500,3.601893663406372,0.22232675552368164
6900,8.247679710388184,0.1888270378112793
7300,15.102111101150513,0.39909863471984863
7700,16.652921199798584,0.25728893280029297
8100,4.893267869949341,0.4384281635284424
8500,15.932927131652832,0.4685072898864746
8900,15.126969575881958,0.49054503440856934
9300,12.846861839294434,0.5166711807250977
9700,22.452871799468994,0.5093529224395752
10100,17.447452306747437,0.55560302734375
10500,6.933536529541016,0.5767805576324463
10900,8.78215765953064,0.3025999069213867
11300,29.705354690551758,0.6185572147369385
11700,31.438589334487915,0.6328573226928711
12100,16.870067834854126,0.6693620681762695
12500,26.10781455039978,0.6750297546386719
12900,20.999156951904297,0.7085855007171631
13300,27.416005849838257,0.6256611347198486
13700,26.850313663482666,0.516575813293457
14100,22.58569312095642,0.772268533706665
14500,26.180009126663208,0.4118633270263672
14900,26.857032775878906,0.8050272464752197
