100,0.08113837242126465,0.0031235218048095703
500,0.562838077545166,0.015711069107055664
900,0.6055405139923096,0.0500640869140625
1300,1.505669355392456,0.07150840759277344
1700,5.3602612018585205,0.09491562843322754
2100,4.1369006633758545,0.11590337753295898
2500,3.284214496612549,0.1382608413696289
2900,3.0680267810821533,0.15852928161621094
3300,15.611940860748291,0.18180274963378906
3700,4.628433704376221,0.2021160125732422
4100,11.553184747695923,0.13548755645751953
4500,2.4381113052368164,0.12866568565368652
4900,5.87228798866272,0.13396668434143066
5300,11.670643329620361,0.29329729080200195
5700,7.5198893547058105,0.29610180854797363
6100,6.0473527908325195,0.3334510326385498
6500,16.612780332565308,0.359774112701416
6900,8.041971206665039,0.37516069412231445
7300,24.478976726531982,0.39426636695861816
7700,5.479961156845093,0.41464734077453613
8100,14.716883420944214,0.4403653144836426
8500,26.68735957145691,0.441054105758667
8900,7.546469449996948,0.48486995697021484
9300,12.32402229309082,0.5036356449127197
9700,21.70173215866089,0.5267975330352783
10100,19.48759412765503,0.2841358184814453
10500,10.760885953903198,0.3145759105682373
10900,33.40379595756531,0.5928394794464111
11300,5.562525033950806,0.6177587509155273
11700,12.31814694404602,0.6297006607055664
12100,11.006057500839233,0.3505673408508301
12500,7.0446226596832275,0.6986179351806641
12900,26.246132373809814,0.3594343662261963
13300,26.860727548599243,0.37430787086486816
13700,16.960386037826538,0.38684654235839844
14100,17.14073896408081,0.39427924156188965
14500,17.13941502571106,0.3921935558319092
14900,32.80760073661804,0.37786245346069336
