100,0.13524913787841797,0.0030024051666259766
500,0.8860006332397461,0.027891159057617188
900,0.8530819416046143,0.02436518669128418
1300,3.1480274200439453,0.07277274131774902
1700,3.6213176250457764,0.09287214279174805
2100,2.6442551612854004,0.11527395248413086
2500,3.5702614784240723,0.06812429428100586
2900,5.714904308319092,0.16046690940856934
3300,4.594892740249634,0.09087872505187988
3700,6.50369668006897,0.20638418197631836
4100,4.91546368598938,0.19045090675354004
4500,5.3131263256073,0.12566685676574707
4900,6.953937768936157,0.1354668140411377
5300,9.781443357467651,0.2860426902770996
5700,11.503466129302979,0.3498575687408447
6100,7.335336446762085,0.3313634395599365
6500,15.735747814178467,0.1763148307800293
6900,6.346812725067139,0.20612049102783203
7300,6.83527398109436,0.373903751373291
7700,26.508047580718994,0.41679835319519043
8100,20.11693811416626,0.40251660346984863
8500,24.484708070755005,0.455974817276001
8900,19.269131898880005,0.49123549461364746
9300,37.29642629623413,0.5156521797180176
9700,12.193449258804321,0.2676537036895752
10100,12.688590049743652,0.2791557312011719
10500,14.320231914520264,0.30858564376831055
10900,15.61623215675354,0.3132498264312744
11300,11.152937173843384,0.3136937618255615
11700,2.6375057697296143,0.3334157466888428
12100,8.709535121917725,0.3704342842102051
12500,6.358835697174072,0.3820316791534424
12900,8.619299173355103,0.38190197944641113
13300,6.160717487335205,0.37250757217407227
13700,6.707905054092407,0.3747537136077881
14100,10.013503074645996,0.377856969833374
14500,9.602756261825562,0.3953559398651123
14900,3.611900568008423,0.40348100662231445
