100,0.1553974151611328,0.007725715637207031
500,2.6649394035339355,0.03176617622375488
900,0.23078322410583496,0.04955410957336426
1300,2.1540284156799316,0.07196307182312012
1700,0.999016284942627,0.09335684776306152
2100,2.194640874862671,0.06720542907714844
2500,4.464944839477539,0.1378953456878662
2900,6.659160852432251,0.0892026424407959
3300,15.36051344871521,0.17908525466918945
3700,7.368555068969727,0.19943642616271973
4100,8.822308778762817,0.11230850219726562
4500,6.859660625457764,0.1233818531036377
4900,6.307967185974121,0.2632009983062744
5300,10.03357720375061,0.14585113525390625
5700,None,None
6100,12.621965885162354,0.23704767227172852
6500,3.4595022201538086,0.3492910861968994
6900,6.850139617919922,0.18729615211486816
7300,22.161118745803833,0.3910353183746338
7700,12.87924075126648,0.4084923267364502
8100,20.0778751373291,0.4207749366760254
8500,5.910734176635742,0.4677577018737793
8900,3.8396143913269043,0.32340073585510254
9300,10.080194473266602,0.4922811985015869
9700,6.379279851913452,0.5324933528900146
10100,22.85662603378296,0.547224760055542
10500,9.192722082138062,0.5639910697937012
10900,23.51650834083557,0.595327615737915
11300,22.938796043395996,0.5998125076293945
11700,12.744946479797363,0.40967822074890137
12100,10.618728160858154,0.33095812797546387
12500,3.1524765491485596,0.3463132381439209
12900,30.158759832382202,0.6928918361663818
13300,50.474552154541016,0.3603343963623047
13700,12.06412672996521,0.6451327800750732
14100,None,None
14500,21.75576090812683,0.5574605464935303
14900,26.742249727249146,0.803170919418335
