100,0.2423877716064453,0.019397974014282227
500,0.6950480937957764,0.02859640121459961
900,0.979473352432251,0.02560591697692871
1300,2.125363349914551,0.07147908210754395
1700,1.648486614227295,0.0928504467010498
2100,3.3565313816070557,0.11617112159729004
2500,2.3528406620025635,0.07014274597167969
2900,7.209687232971191,0.16007018089294434
3300,4.603506088256836,0.1812608242034912
3700,4.198761701583862,0.1375107765197754
4100,7.810262680053711,0.22663283348083496
4500,9.899169206619263,0.25247979164123535
4900,6.608734369277954,0.13654541969299316
5300,7.589444637298584,0.29256725311279297
5700,11.637229919433594,0.3171525001525879
6100,2.38590669631958,0.3395040035247803
6500,3.637422800064087,0.35956740379333496
6900,15.719867706298828,0.38499951362609863
7300,8.971595287322998,0.40639758110046387
7700,24.827240228652954,0.4256558418273926
8100,5.340463399887085,0.4421112537384033
8500,11.844079971313477,0.23691201210021973
8900,2.2143261432647705,0.25237131118774414
9300,6.385876893997192,0.5059943199157715
9700,12.984660387039185,0.5290954113006592
10100,16.46178436279297,0.552391767501831
10500,17.902109622955322,0.3417367935180664
10900,24.105573892593384,0.6058275699615479
11300,30.27190113067627,0.619145393371582
11700,8.760331392288208,0.6486809253692627
12100,13.690045595169067,0.6701271533966064
12500,21.212486505508423,0.6947968006134033
12900,15.726686000823975,0.3568289279937744
13300,24.082481384277344,0.4058973789215088
13700,15.080106258392334,0.757763147354126
14100,14.603671073913574,0.7485666275024414
14500,28.154622793197632,0.4348301887512207
14900,32.23993492126465,0.8280339241027832
