100,0.2641148567199707,0.015116691589355469
500,0.7750792503356934,0.028831958770751953
900,0.6050844192504883,0.050661563873291016
1300,2.621675968170166,0.07272481918334961
1700,1.6763122081756592,0.09450173377990723
2100,4.782809734344482,0.11464643478393555
2500,2.707296133041382,0.13691115379333496
2900,2.3264076709747314,0.15545082092285156
3300,8.880491495132446,0.18364334106445312
3700,7.016523122787476,0.20048952102661133
4100,1.4734177589416504,0.11282849311828613
4500,9.548766374588013,0.2465970516204834
4900,8.29844856262207,0.2696712017059326
5300,9.25683879852295,0.29228711128234863
5700,9.616518020629883,0.15844464302062988
6100,16.702858209609985,0.33005833625793457
6500,10.751513004302979,0.35835862159729004
6900,10.527324438095093,0.3771779537200928
7300,21.921852588653564,0.3935050964355469
7700,12.07238245010376,0.41184401512145996
8100,22.431048154830933,0.44208621978759766
8500,13.25845193862915,0.4670732021331787
8900,15.469264507293701,0.4889521598815918
9300,5.1926445960998535,0.5098190307617188
9700,19.857506036758423,0.5247867107391357
10100,9.395436525344849,0.2818169593811035
10500,23.023393154144287,0.586958646774292
10900,17.02173161506653,0.3027455806732178
11300,36.23088836669922,0.32061147689819336
11700,5.688658952713013,0.32777976989746094
12100,29.78989028930664,0.3940274715423584
12500,8.781173944473267,0.35061192512512207
12900,24.411540985107422,0.7091288566589355
13300,8.980746030807495,0.7211909294128418
13700,12.994642734527588,0.76043701171875
14100,25.71048617362976,0.7789387702941895
14500,17.59538197517395,0.41146254539489746
14900,5.299989461898804,0.4115469455718994
