100,0.015297889709472656,0.005947113037109375
500,0.07501101493835449,0.03624606132507324
900,0.10981917381286621,0.07996845245361328
1300,0.16805076599121094,0.07565474510192871
1700,0.20061302185058594,0.10581398010253906
2100,0.23860597610473633,0.1356971263885498
2500,0.2938058376312256,0.1402599811553955
2900,0.3398005962371826,0.16686272621154785
3300,0.38024163246154785,0.1917402744293213
3700,0.4113929271697998,0.21312713623046875
4100,0.4808924198150635,0.23405027389526367
4500,0.48986315727233887,0.2695953845977783
4900,0.5566096305847168,0.3213927745819092
5300,0.3036324977874756,0.31148838996887207
5700,0.4086422920227051,0.30843186378479004
6100,0.686190128326416,0.3605828285217285
6500,0.753380537033081,0.4028172492980957
6900,0.7753779888153076,0.40114688873291016
7300,0.8136508464813232,0.40308666229248047
7700,0.9578309059143066,0.34840941429138184
8100,0.9221861362457275,0.4353983402252197
8500,0.9691274166107178,0.47937893867492676
8900,0.6924412250518799,0.5391154289245605
9300,0.582282543182373,0.5069470405578613
9700,1.0704069137573242,0.6183831691741943
10100,1.13413667678833,0.5528044700622559
10500,1.1698634624481201,0.6213791370391846
10900,1.0035462379455566,0.6951107978820801
11300,1.3370213508605957,0.6545910835266113
11700,1.3286962509155273,0.4563276767730713
12100,1.1218976974487305,0.6506667137145996
12500,1.1381003856658936,0.3828766345977783
12900,1.1267354488372803,0.477100133895874
13300,1.0043377876281738,0.7215471267700195
13700,0.9825067520141602,0.751091480255127
14100,1.471435546875,0.7480142116546631
14500,1.6345653533935547,0.7903604507446289
14900,1.554795742034912,0.8165590763092041
