100,0.014499902725219727,0.0055141448974609375
500,0.05841708183288574,0.0259091854095459
900,0.09857559204101562,0.07592153549194336
1300,0.07794499397277832,0.07486701011657715
1700,0.18833494186401367,0.13869190216064453
2100,0.2649269104003906,0.12223219871520996
2500,0.265578031539917,0.14446496963500977
2900,0.339111328125,0.2078719139099121
3300,0.4793736934661865,0.18673944473266602
3700,0.36168432235717773,0.22095227241516113
4100,0.4242427349090576,0.2102036476135254
4500,0.5055439472198486,0.24039220809936523
4900,0.49111485481262207,0.30790090560913086
5300,0.5846951007843018,0.27666401863098145
5700,0.6227207183837891,0.3124558925628662
6100,0.6887991428375244,0.35309529304504395
6500,0.6718707084655762,0.4066803455352783
6900,0.6221909523010254,0.3418557643890381
7300,0.8227016925811768,0.4443092346191406
7700,0.8731594085693359,0.42014288902282715
8100,0.93711256980896,0.4406898021697998
8500,0.9775023460388184,0.3807210922241211
8900,0.8588314056396484,0.4768044948577881
9300,0.7210369110107422,0.5112617015838623
9700,1.1233856678009033,0.4178507328033447
10100,0.8969643115997314,0.6170639991760254
10500,1.1369049549102783,0.6155202388763428
10900,0.9090938568115234,0.5802514553070068
11300,1.2166259288787842,0.5225386619567871
11700,0.996999979019165,0.6385211944580078
12100,1.3753867149353027,0.6981902122497559
12500,1.1855213642120361,0.5121915340423584
12900,1.2321372032165527,0.4688236713409424
13300,1.1618635654449463,0.664665699005127
13700,1.5436642169952393,0.6919264793395996
14100,1.6065194606781006,0.7505412101745605
14500,1.1679890155792236,0.813136100769043
14900,1.3194301128387451,0.49407196044921875
