100,0.013880491256713867,0.005423069000244141
500,0.057527780532836914,0.026378631591796875
900,0.10910296440124512,0.04663586616516113
1300,0.1463923454284668,0.07278776168823242
1700,0.1904315948486328,0.09718704223632812
2100,0.24135804176330566,0.11887359619140625
2500,0.2653167247772217,0.13770318031311035
2900,0.32219552993774414,0.1625819206237793
3300,0.33528614044189453,0.17344403266906738
3700,0.39733028411865234,0.20238018035888672
4100,0.3657815456390381,0.2437143325805664
4500,0.49909496307373047,0.24957060813903809
4900,0.5394964218139648,0.2937636375427246
5300,0.5718820095062256,0.2576889991760254
5700,0.6443822383880615,0.2689809799194336
6100,0.6732182502746582,0.24004435539245605
6500,0.660205602645874,0.35137152671813965
6900,0.5530109405517578,0.39194679260253906
7300,0.7874629497528076,0.4021909236907959
7700,0.8075838088989258,0.43747663497924805
8100,0.8332157135009766,0.4538912773132324
8500,0.6723992824554443,0.467923641204834
8900,0.8300645351409912,0.49210572242736816
9300,0.9454879760742188,0.5150201320648193
9700,0.9682190418243408,0.513953447341919
10100,1.1357481479644775,0.5309910774230957
10500,1.1387832164764404,0.5792746543884277
10900,1.2088053226470947,0.5994031429290771
11300,1.2497718334197998,0.6312069892883301
11700,1.2920551300048828,0.6374382972717285
12100,1.1471223831176758,0.4582993984222412
12500,1.3291184902191162,0.3887345790863037
12900,1.4259037971496582,0.7292923927307129
13300,1.459559679031372,0.79386305809021
13700,1.5051205158233643,0.5033402442932129
14100,0.7955076694488525,0.461270809173584
14500,0.8915205001831055,0.5273914337158203
14900,0.8601779937744141,0.45345187187194824
