100,0.029596567153930664,0.018759727478027344
500,0.08423709869384766,0.056557655334472656
900,0.14186954498291016,0.051033973693847656
1300,0.14164423942565918,0.08055448532104492
1700,0.18735313415527344,0.09382271766662598
2100,0.23693370819091797,0.1134328842163086
2500,0.27033543586730957,0.13669490814208984
2900,0.32468223571777344,0.16124939918518066
3300,0.38457489013671875,0.1840505599975586
3700,0.4394087791442871,0.181868314743042
4100,0.4546091556549072,0.21265411376953125
4500,0.5625495910644531,0.2575223445892334
4900,0.564995527267456,0.30103063583374023
5300,0.6019742488861084,0.2989201545715332
5700,0.711798906326294,0.24085354804992676
6100,0.5254218578338623,0.33090829849243164
6500,0.48714327812194824,0.32046937942504883
6900,0.5405144691467285,0.37323498725891113
7300,0.7986865043640137,0.26845812797546387
7700,0.8686428070068359,0.42675137519836426
8100,0.5726690292358398,0.464008092880249
8500,0.950631856918335,0.4665830135345459
8900,0.7706124782562256,0.28971266746520996
9300,1.0258593559265137,0.41695690155029297
9700,0.6324341297149658,0.3276033401489258
10100,0.9406013488769531,0.41219353675842285
10500,0.9039347171783447,0.6217269897460938
10900,1.1951987743377686,0.6182529926300049
11300,1.236196756362915,0.627863883972168
11700,1.2772698402404785,0.6429007053375244
12100,1.3342111110687256,0.6677505970001221
12500,1.3755061626434326,0.6804261207580566
12900,1.4057512283325195,0.723067045211792
13300,1.4836740493774414,0.7300922870635986
13700,1.5313067436218262,0.7689497470855713
14100,1.5755326747894287,0.7836217880249023
14500,1.6547458171844482,0.7784230709075928
14900,1.6637835502624512,0.7990472316741943
