100,0.0350649356842041,0.01890397071838379
500,0.10803079605102539,0.07221412658691406
900,0.08843851089477539,0.09925246238708496
1300,0.2346811294555664,0.07230710983276367
1700,0.21026158332824707,0.09536075592041016
2100,0.2729151248931885,0.11498093605041504
2500,0.32029199600219727,0.14000701904296875
2900,0.34317708015441895,0.15682244300842285
3300,0.385761022567749,0.17844271659851074
3700,0.41484594345092773,0.2107701301574707
4100,0.44817352294921875,0.21604537963867188
4500,0.49312877655029297,0.23595952987670898
4900,0.5329930782318115,0.256061315536499
5300,0.5718543529510498,0.3076920509338379
5700,0.6219925880432129,0.3443489074707031
6100,0.7250285148620605,0.2983999252319336
6500,0.7350647449493408,0.2934720516204834
6900,0.41024184226989746,0.35941195487976074
7300,0.8324415683746338,0.40440821647644043
7700,0.8658232688903809,0.4196343421936035
8100,0.8932955265045166,0.4351046085357666
8500,0.9401490688323975,0.44789981842041016
8900,0.9889039993286133,0.4616508483886719
9300,1.0406413078308105,0.48637938499450684
9700,1.0966575145721436,0.5094497203826904
10100,1.1576249599456787,0.5341863632202148
10500,1.1688270568847656,0.5439424514770508
10900,1.2023651599884033,0.6171517372131348
11300,1.2501811981201172,0.717249870300293
11700,1.2798480987548828,0.6568393707275391
12100,1.3442330360412598,0.6405277252197266
12500,1.1362128257751465,0.6665611267089844
12900,1.3191535472869873,0.40825867652893066
13300,1.3161661624908447,0.5395746231079102
13700,1.1203560829162598,0.4771442413330078
14100,1.044771432876587,0.8148660659790039
14500,1.1958067417144775,0.45554471015930176
14900,1.6245667934417725,0.829092264175415
