100,0.015802860260009766,0.005934000015258789
500,0.059897661209106445,0.02808403968811035
900,0.11152434349060059,0.07807755470275879
1300,0.15933465957641602,0.10348629951477051
1700,0.22429609298706055,0.10358119010925293
2100,0.2564070224761963,0.13538360595703125
2500,0.3301711082458496,0.13908815383911133
2900,0.3191089630126953,0.1804649829864502
3300,0.3601205348968506,0.19104933738708496
3700,0.3936192989349365,0.18862128257751465
4100,0.5004372596740723,0.24456119537353516
4500,0.5556986331939697,0.2476363182067871
4900,0.5566575527191162,0.2983074188232422
5300,0.5886635780334473,0.27781224250793457
5700,0.6544272899627686,0.31766748428344727
6100,0.6952958106994629,0.3560354709625244
6500,0.7298300266265869,0.35399651527404785
6900,0.8101239204406738,0.31943535804748535
7300,0.733680248260498,0.3243091106414795
7700,0.6347653865814209,0.32368946075439453
8100,0.6361789703369141,0.3010122776031494
8500,0.8214731216430664,0.4006023406982422
8900,0.7630648612976074,0.40822672843933105
9300,1.0688071250915527,0.5238087177276611
9700,0.8416149616241455,0.5336654186248779
10100,1.1226365566253662,0.546682596206665
10500,0.8664665222167969,0.6052777767181396
10900,0.9194316864013672,0.6184368133544922
11300,0.7213070392608643,0.5979049205780029
11700,0.9593122005462646,0.47811269760131836
12100,1.3646156787872314,0.48016810417175293
12500,1.4320297241210938,0.6666111946105957
12900,1.4605484008789062,0.7110147476196289
13300,1.5339710712432861,0.7461228370666504
13700,1.5478615760803223,0.6666367053985596
14100,0.9968202114105225,0.7295470237731934
14500,1.1838550567626953,0.5410640239715576
14900,1.1809179782867432,0.47959041595458984
