100,0.01465606689453125,0.007562398910522461
500,0.05956721305847168,0.02611088752746582
900,0.11473655700683594,0.07557988166809082
1300,0.14267396926879883,0.07011675834655762
1700,0.19351792335510254,0.09464716911315918
2100,0.24465584754943848,0.11871719360351562
2500,0.2637639045715332,0.14957976341247559
2900,0.31398892402648926,0.16317033767700195
3300,0.3530266284942627,0.2085869312286377
3700,0.479581356048584,0.21463656425476074
4100,0.45627641677856445,0.23730230331420898
4500,0.49152445793151855,0.24723124504089355
4900,0.5401523113250732,0.25945115089416504
5300,0.5849108695983887,0.2939333915710449
5700,0.6238007545471191,0.3119010925292969
6100,0.6762230396270752,0.3160121440887451
6500,0.6943509578704834,0.3510098457336426
6900,0.748152494430542,0.3828737735748291
7300,0.7886500358581543,0.39704084396362305
7700,0.8365099430084229,0.42537379264831543
8100,0.896735668182373,0.4439089298248291
8500,0.9337499141693115,0.43433618545532227
8900,0.9659507274627686,0.39705514907836914
9300,1.0226750373840332,0.5292894840240479
9700,0.944941520690918,0.3641984462738037
10100,1.134993314743042,0.5630526542663574
10500,0.7224950790405273,0.43335866928100586
10900,0.7120988368988037,0.6233417987823486
11300,0.7585444450378418,0.46779918670654297
11700,0.7933743000030518,0.41556477546691895
12100,0.884183406829834,0.3756840229034424
12500,0.9907152652740479,0.6632964611053467
12900,1.0655517578125,0.7230360507965088
13300,1.3397002220153809,0.5158467292785645
13700,0.8757429122924805,0.7008347511291504
14100,1.3413066864013672,0.7476158142089844
14500,1.5770018100738525,0.7840886116027832
14900,1.0114367008209229,0.48956775665283203
