100,0.011945009231567383,0.008379697799682617
500,0.08703041076660156,0.028888463973999023
900,0.10218667984008789,0.055217742919921875
1300,0.13604736328125,0.07115387916564941
1700,0.20604729652404785,0.0863192081451416
2100,0.1664590835571289,0.10466885566711426
2500,0.19291901588439941,0.11481738090515137
2900,0.1565847396850586,0.12520956993103027
3300,0.18629240989685059,0.13799285888671875
3700,0.2800290584564209,0.19821453094482422
4100,0.4630410671234131,0.24080419540405273
4500,0.3960564136505127,0.2595102787017822
4900,0.4300508499145508,0.253284215927124
5300,0.4191014766693115,0.3116016387939453
5700,0.5481815338134766,0.3381333351135254
6100,0.6873774528503418,0.3444554805755615
6500,0.628244161605835,0.4650740623474121
6900,0.8040261268615723,0.3653726577758789
7300,0.8050603866577148,0.40605807304382324
7700,0.8324542045593262,0.4597475528717041
8100,0.9084568023681641,0.4204115867614746
8500,0.8159077167510986,0.5055346488952637
8900,0.6709609031677246,0.4875020980834961
9300,1.037675380706787,0.5305752754211426
9700,1.0279021263122559,0.5408318042755127
10100,1.0752036571502686,0.5503416061401367
10500,1.1389906406402588,0.5614621639251709
10900,1.1699750423431396,0.5647222995758057
11300,1.2300961017608643,0.618290901184082
11700,1.271998405456543,0.6450595855712891
12100,1.295400619506836,0.7126071453094482
12500,1.3796770572662354,0.6863055229187012
12900,1.4052929878234863,0.6724679470062256
13300,1.428041934967041,0.6843187808990479
13700,1.4283578395843506,0.7353990077972412
14100,1.5425748825073242,0.7784416675567627
14500,1.5921761989593506,0.7955324649810791
14900,1.6061434745788574,0.8160760402679443
