100,0.013681173324584961,0.005703449249267578
500,0.060799360275268555,0.02779984474182129
900,0.10015344619750977,0.05018186569213867
1300,0.14406847953796387,0.07235193252563477
1700,0.18443751335144043,0.08741044998168945
2100,0.2427992820739746,0.10898852348327637
2500,0.27871108055114746,0.13210296630859375
2900,0.30905675888061523,0.1535334587097168
3300,0.3627889156341553,0.1784369945526123
3700,0.47658371925354004,0.20421195030212402
4100,0.4789607524871826,0.22573542594909668
4500,0.5089497566223145,0.2588999271392822
4900,0.5691428184509277,0.24250388145446777
5300,0.6022517681121826,0.23317623138427734
5700,0.6399822235107422,0.33904385566711426
6100,0.6820862293243408,0.3337290287017822
6500,0.7466399669647217,0.36274099349975586
6900,0.7465379238128662,0.2671520709991455
7300,0.6364669799804688,0.4001333713531494
7700,0.8578133583068848,0.4225783348083496
8100,0.9026803970336914,0.44580793380737305
8500,0.9526431560516357,0.4678006172180176
8900,0.9717891216278076,0.4673576354980469
9300,1.0120017528533936,0.5044252872467041
9700,1.0808804035186768,0.5168139934539795
10100,1.1525282859802246,0.5569374561309814
10500,1.1940667629241943,0.5883693695068359
10900,1.2154021263122559,0.6380598545074463
11300,1.3015267848968506,0.6033284664154053
11700,1.327939510345459,0.6350657939910889
12100,0.9764869213104248,0.6723842620849609
12500,1.450284481048584,0.5342428684234619
12900,1.207230567932129,0.7036213874816895
13300,1.5507566928863525,0.7416162490844727
13700,1.577660083770752,0.7623369693756104
14100,1.6041069030761719,0.7661933898925781
14500,1.1005451679229736,0.7950799465179443
14900,1.1326351165771484,0.5557796955108643
