100,0.02995586395263672,0.005758047103881836
500,0.06722354888916016,0.027660846710205078
900,0.12393355369567871,0.04962587356567383
1300,0.14769196510314941,0.06795835494995117
1700,0.22912001609802246,0.08819079399108887
2100,0.2403271198272705,0.10942792892456055
2500,0.28707289695739746,0.13553762435913086
2900,0.32628369331359863,0.15916728973388672
3300,0.37935471534729004,0.20608234405517578
3700,0.4022080898284912,0.20095014572143555
4100,0.46019911766052246,0.24098563194274902
4500,0.49783873558044434,0.243513822555542
4900,0.5428471565246582,0.27611327171325684
5300,0.5932300090789795,0.29157590866088867
5700,0.6549332141876221,0.2982313632965088
6100,0.687962532043457,0.32126712799072266
6500,0.7421050071716309,0.3458268642425537
6900,0.7512288093566895,0.3552870750427246
7300,0.7884249687194824,0.38025403022766113
7700,0.8599026203155518,0.4163782596588135
8100,0.8527953624725342,0.43320226669311523
8500,0.8156514167785645,0.48603129386901855
8900,1.0027270317077637,0.49968576431274414
9300,1.060042381286621,0.5692570209503174
9700,1.0807368755340576,0.533761739730835
10100,1.1420872211456299,0.5535225868225098
10500,1.1788151264190674,0.5789551734924316
10900,1.0840518474578857,0.6133005619049072
11300,1.1400389671325684,0.3833043575286865
11700,1.2926230430603027,0.41874027252197266
12100,1.0876054763793945,0.7364993095397949
12500,1.2957780361175537,0.6582152843475342
12900,1.2348263263702393,0.7072532176971436
13300,1.5047845840454102,0.8444960117340088
13700,1.5671935081481934,0.7043712139129639
14100,1.4429707527160645,0.47768402099609375
14500,0.9621400833129883,0.5136079788208008
14900,1.035557508468628,0.5811853408813477
