100,0.024956703186035156,0.015818119049072266
500,0.1438913345336914,0.05219435691833496
900,0.15637707710266113,0.049193382263183594
1300,0.20299386978149414,0.07414770126342773
1700,0.2586543560028076,0.09257054328918457
2100,0.3152894973754883,0.10792183876037598
2500,0.32306599617004395,0.14371418952941895
2900,0.30215907096862793,0.14318275451660156
3300,0.43089795112609863,0.19997096061706543
3700,0.4123520851135254,0.20096158981323242
4100,0.483661413192749,0.2166447639465332
4500,0.5169994831085205,0.2503335475921631
4900,0.6096105575561523,0.2669978141784668
5300,0.631615161895752,0.3065524101257324
5700,0.6062159538269043,0.309863805770874
6100,0.6929545402526855,0.3342463970184326
6500,0.7595212459564209,0.34064269065856934
6900,0.7096598148345947,0.3747086524963379
7300,0.8131823539733887,0.4068613052368164
7700,0.819648027420044,0.42222118377685547
8100,0.9068212509155273,0.45221590995788574
8500,0.942126989364624,0.5004024505615234
8900,1.0039749145507812,0.3674592971801758
9300,0.9807643890380859,0.5044560432434082
9700,1.0674490928649902,0.5339291095733643
10100,1.131770372390747,0.5845284461975098
10500,1.1394250392913818,0.5453393459320068
10900,1.2071726322174072,0.5610435009002686
11300,1.2471728324890137,0.5154798030853271
11700,0.8972339630126953,0.43390369415283203
12100,0.9209535121917725,0.5058004856109619
12500,0.9097723960876465,0.471982479095459
12900,0.9770717620849609,0.6968047618865967
13300,1.3657231330871582,0.7099242210388184
13700,1.5780868530273438,0.43263840675354004
14100,1.5635197162628174,0.5052103996276855
14500,1.615492582321167,0.7757821083068848
14900,1.8514955043792725,0.8179676532745361
