100,0.021551847457885742,0.015370845794677734
500,0.13208508491516113,0.05662178993225098
900,0.14754199981689453,0.05183553695678711
1300,0.18990540504455566,0.06661295890808105
1700,0.22020769119262695,0.12827754020690918
2100,0.2657153606414795,0.1335887908935547
2500,0.24168944358825684,0.13762450218200684
2900,0.34134864807128906,0.16062426567077637
3300,0.36600303649902344,0.21803045272827148
3700,0.41608572006225586,0.22009491920471191
4100,0.4959084987640381,0.20341968536376953
4500,0.3826584815979004,0.3077831268310547
4900,0.5240423679351807,0.26511716842651367
5300,0.39161038398742676,0.2941575050354004
5700,0.3618175983428955,0.19717741012573242
6100,0.5743775367736816,0.2284836769104004
6500,0.7109510898590088,0.3574037551879883
6900,0.7514736652374268,0.46099400520324707
7300,0.8288321495056152,0.29933762550354004
7700,0.7386243343353271,0.3874168395996094
8100,0.8856296539306641,0.43491053581237793
8500,0.9295086860656738,0.4659147262573242
8900,0.9956462383270264,0.4901449680328369
9300,0.9953927993774414,0.5149717330932617
9700,1.0489842891693115,0.52760910987854
10100,1.088191032409668,0.5544018745422363
10500,1.1402580738067627,0.6457729339599609
10900,1.192152976989746,0.5979681015014648
11300,1.2289955615997314,0.6173195838928223
11700,1.1999268531799316,0.6150543689727783
12100,1.331040859222412,0.643235445022583
12500,1.3846237659454346,0.6847789287567139
12900,1.424790859222412,0.703728199005127
13300,1.464066743850708,0.754746675491333
13700,1.5087897777557373,0.7617042064666748
14100,1.5503132343292236,0.8029797077178955
14500,1.579413652420044,0.7914667129516602
14900,1.6221179962158203,0.8100666999816895
