100,0.018825054168701172,0.007379293441772461
500,0.060683250427246094,0.03189587593078613
900,0.09672403335571289,0.05707573890686035
1300,0.15299773216247559,0.09645342826843262
1700,0.1869795322418213,0.10817909240722656
2100,0.2563774585723877,0.1818537712097168
2500,0.2002394199371338,0.15928435325622559
2900,0.36498236656188965,0.15793585777282715
3300,0.4197511672973633,0.2092287540435791
3700,0.27716803550720215,0.24906587600708008
4100,0.39772510528564453,0.2111496925354004
4500,0.49199962615966797,0.2351524829864502
4900,0.5379953384399414,0.25300049781799316
5300,0.5845637321472168,0.27170825004577637
5700,0.6330983638763428,0.2944493293762207
6100,0.6863017082214355,0.3381214141845703
6500,0.7227668762207031,0.3558204174041748
6900,0.7632100582122803,0.42130422592163086
7300,0.8086178302764893,0.3832848072052002
7700,0.8566856384277344,0.4026756286621094
8100,0.897367000579834,0.4225449562072754
8500,0.9460656642913818,0.44501829147338867
8900,0.9888520240783691,0.4614381790161133
9300,1.0455994606018066,0.48659729957580566
9700,1.0887470245361328,0.5041975975036621
10100,1.1423382759094238,0.6924576759338379
10500,1.1890146732330322,0.5663363933563232
10900,1.214301347732544,0.3926877975463867
11300,0.7669339179992676,0.44205141067504883
11700,0.8295972347259521,0.6493024826049805
12100,1.0735113620758057,0.6751534938812256
12500,1.245457649230957,0.6101720333099365
12900,1.4215221405029297,0.3960413932800293
13300,1.479640007019043,0.5785672664642334
13700,1.562272310256958,0.7306103706359863
14100,1.5969860553741455,0.7486310005187988
14500,1.6601483821868896,0.8153409957885742
14900,1.9019081592559814,0.8126935958862305
