100,0.03685712814331055,0.0057337284088134766
500,0.09392118453979492,0.035698890686035156
900,0.10763311386108398,0.07128310203552246
1300,0.1755368709564209,0.0927433967590332
1700,0.23822569847106934,0.11112308502197266
2100,0.3179891109466553,0.12407898902893066
2500,0.3039100170135498,0.15553760528564453
2900,0.38914060592651367,0.1726996898651123
3300,0.3059558868408203,0.17924094200134277
3700,0.4179966449737549,0.21254396438598633
4100,0.2180647850036621,0.25314974784851074
4500,0.4759793281555176,0.23219943046569824
4900,0.42423033714294434,0.2708878517150879
5300,0.5839426517486572,0.2909221649169922
5700,0.6296470165252686,0.3123056888580322
6100,0.6738502979278564,0.34398627281188965
6500,0.723372220993042,0.4172191619873047
6900,0.7753453254699707,0.38312292098999023
7300,0.807119607925415,0.4004058837890625
7700,0.8522098064422607,0.41302061080932617
8100,0.8861408233642578,0.4337129592895508
8500,0.9308679103851318,0.44562697410583496
8900,0.9839959144592285,0.5710670948028564
9300,1.02028226852417,0.5083422660827637
9700,1.0560100078582764,0.5262212753295898
10100,1.0917778015136719,0.5532913208007812
10500,1.11264967918396,0.5834639072418213
10900,1.1939082145690918,0.5981342792510986
11300,1.234978437423706,0.6417434215545654
11700,0.8885154724121094,0.3785684108734131
12100,0.921734094619751,0.5217351913452148
12500,0.7345278263092041,0.6459567546844482
12900,1.001223087310791,0.6546070575714111
13300,1.3924050331115723,0.7356493473052979
13700,1.463162899017334,0.5383422374725342
14100,1.4972562789916992,0.6287572383880615
14500,1.5824151039123535,0.8058347702026367
14900,1.6208138465881348,0.7377209663391113
