100,0.040839195251464844,0.03501152992248535
500,0.07442450523376465,0.06668972969055176
900,0.12924528121948242,0.050612449645996094
1300,0.17164969444274902,0.0694427490234375
1700,0.2211904525756836,0.10351395606994629
2100,0.1677701473236084,0.16021323204040527
2500,0.3353731632232666,0.19409966468811035
2900,0.22712349891662598,0.17176413536071777
3300,0.39983129501342773,0.17757844924926758
3700,0.41039109230041504,0.19693827629089355
4100,0.46524643898010254,0.2135004997253418
4500,0.48694586753845215,0.24277186393737793
4900,0.359377384185791,0.26952028274536133
5300,0.6006271839141846,0.28859853744506836
5700,0.6578071117401123,0.3641078472137451
6100,0.6149682998657227,0.3213684558868408
6500,0.47361087799072266,0.3486199378967285
6900,0.76481032371521,0.3998687267303467
7300,0.7251479625701904,0.40018606185913086
7700,0.8159117698669434,0.40697669982910156
8100,0.8938195705413818,0.4632134437561035
8500,0.9785823822021484,0.4680817127227783
8900,0.9951179027557373,0.4661543369293213
9300,0.9687743186950684,0.3014209270477295
9700,0.7815473079681396,0.3684351444244385
10100,0.8357563018798828,0.33493947982788086
10500,1.0890772342681885,0.38410139083862305
10900,1.1848375797271729,0.5616371631622314
11300,1.2181487083435059,0.4457685947418213
11700,1.1832027435302734,0.4459998607635498
12100,1.0992774963378906,0.6458041667938232
12500,1.4015371799468994,0.6865761280059814
12900,1.445680856704712,0.46924710273742676
13300,1.2316994667053223,0.7503800392150879
13700,0.9711604118347168,0.7429962158203125
14100,1.2459914684295654,0.4985675811767578
14500,1.342034101486206,0.4532928466796875
14900,1.26725435256958,0.49840474128723145
