100,0.015425920486450195,0.008396148681640625
500,0.08645462989807129,0.03807377815246582
900,0.10232424736022949,0.06907248497009277
1300,0.08134031295776367,0.08262205123901367
1700,0.1604292392730713,0.09164071083068848
2100,0.24975180625915527,0.10317826271057129
2500,0.1545271873474121,0.16982150077819824
2900,0.26647424697875977,0.20864343643188477
3300,0.17653346061706543,0.15305423736572266
3700,0.2902395725250244,0.11204361915588379
4100,0.2277536392211914,0.21657443046569824
4500,0.2681870460510254,0.1708695888519287
4900,0.2644784450531006,0.2564849853515625
5300,0.4732823371887207,0.1913144588470459
5700,0.3668534755706787,0.2484896183013916
6100,0.5095148086547852,0.255047082901001
6500,0.42372775077819824,0.3743581771850586
6900,0.42569518089294434,0.3114609718322754
7300,0.6977670192718506,0.4551365375518799
7700,0.8509514331817627,0.3079955577850342
8100,0.5851662158966064,0.37645745277404785
8500,0.5595741271972656,0.40618395805358887
8900,0.6547307968139648,0.2957162857055664
9300,0.7482864856719971,0.4397735595703125
9700,0.9282469749450684,0.319582462310791
10100,1.0943832397460938,0.5686895847320557
10500,0.854191780090332,0.5712802410125732
10900,1.0227694511413574,0.588691234588623
11300,0.9630732536315918,0.5362405776977539
11700,0.8224446773529053,0.5821976661682129
12100,1.0109970569610596,0.6100835800170898
12500,1.3866164684295654,0.4771885871887207
12900,0.9985404014587402,0.4041295051574707
13300,0.7269835472106934,0.5327408313751221
13700,0.9304347038269043,0.4235107898712158
14100,1.2473843097686768,0.5342726707458496
14500,0.8784670829772949,0.7866551876068115
14900,0.9724087715148926,0.5065517425537109
