100,0.08836245536804199,0.014670133590698242
500,0.08052682876586914,0.07165813446044922
900,0.11879229545593262,0.07976222038269043
1300,0.18637394905090332,0.1019744873046875
1700,0.1940305233001709,0.1228334903717041
2100,0.2364053726196289,0.1464099884033203
2500,0.2838921546936035,0.15466022491455078
2900,0.32023191452026367,0.21654605865478516
3300,0.2180936336517334,0.20701384544372559
3700,0.2038583755493164,0.18610835075378418
4100,0.4487943649291992,0.23158669471740723
4500,0.5007288455963135,0.24970555305480957
4900,0.40260791778564453,0.2666761875152588
5300,0.28863954544067383,0.30118703842163086
5700,0.4382045269012451,0.3218514919281006
6100,0.7145817279815674,0.35155391693115234
6500,0.7202854156494141,0.35388636589050293
6900,0.534365177154541,0.4138789176940918
7300,0.5073733329772949,0.39990711212158203
7700,0.8433802127838135,0.42617201805114746
8100,0.748333215713501,0.4265134334564209
8500,0.6492595672607422,0.45209765434265137
8900,0.9698474407196045,0.48883843421936035
9300,1.0821805000305176,0.5263063907623291
9700,0.9702637195587158,0.320568323135376
10100,0.9877805709838867,0.5871200561523438
10500,0.7920687198638916,0.38486623764038086
10900,0.7512838840484619,0.3466806411743164
11300,0.716339111328125,0.41348838806152344
11700,0.8681967258453369,0.4559454917907715
12100,0.9554052352905273,0.4292948246002197
12500,1.3608653545379639,0.6819446086883545
12900,1.4134705066680908,0.7214722633361816
13300,1.4637656211853027,0.8259603977203369
13700,1.5035598278045654,0.7564494609832764
14100,1.519556999206543,0.7703671455383301
14500,1.5685925483703613,0.8028228282928467
14900,1.619370698928833,0.8119912147521973
