100,0.013142585754394531,0.005235910415649414
500,0.0616915225982666,0.02669215202331543
900,0.11039924621582031,0.052549123764038086
1300,0.14272499084472656,0.0709080696105957
1700,0.19416093826293945,0.09128761291503906
2100,0.24513936042785645,0.11709403991699219
2500,0.2928347587585449,0.13477063179016113
2900,0.35071897506713867,0.1580648422241211
3300,0.3704836368560791,0.18163800239562988
3700,0.42327237129211426,0.2013866901397705
4100,0.404346227645874,0.1900174617767334
4500,0.5008265972137451,0.22857904434204102
4900,0.5298540592193604,0.1727454662322998
5300,0.5840334892272949,0.26840639114379883
5700,0.6320528984069824,0.29509711265563965
6100,0.6933526992797852,0.3357572555541992
6500,0.7495989799499512,0.3509230613708496
6900,0.7830595970153809,0.403339147567749
7300,0.8128046989440918,0.3912849426269531
7700,0.865717887878418,0.45004940032958984
8100,0.9113032817840576,0.41095995903015137
8500,0.7929232120513916,0.3731527328491211
8900,0.9506652355194092,0.5495307445526123
9300,0.6431868076324463,0.3326711654663086
9700,0.7909700870513916,0.3260653018951416
10100,1.0779738426208496,0.5666189193725586
10500,1.1929099559783936,0.5778186321258545
10900,1.0198543071746826,0.38844799995422363
11300,1.1228477954864502,0.5374140739440918
11700,1.0317871570587158,0.5553438663482666
12100,0.8175172805786133,0.7401976585388184
12500,0.8615031242370605,0.5631024837493896
12900,1.4872770309448242,0.7827601432800293
13300,1.3882591724395752,0.7277460098266602
13700,0.9991259574890137,0.7525918483734131
14100,1.4557194709777832,0.4461231231689453
14500,1.4649510383605957,0.6386845111846924
14900,0.9926319122314453,0.4540281295776367
