100,0.026348114013671875,0.007490634918212891
500,0.07390546798706055,0.030598163604736328
900,0.11256623268127441,0.04744148254394531
1300,0.1492457389831543,0.07269406318664551
1700,0.18732452392578125,0.09197998046875
2100,0.24233794212341309,0.1284654140472412
2500,0.26175761222839355,0.1318187713623047
2900,0.3135263919830322,0.15982961654663086
3300,0.3596682548522949,0.18119215965270996
3700,0.39594483375549316,0.2000293731689453
4100,0.45182251930236816,0.22394561767578125
4500,0.4834270477294922,0.2598567008972168
4900,0.5272603034973145,0.25741100311279297
5300,0.5671982765197754,0.27541327476501465
5700,0.6363444328308105,0.31548047065734863
6100,0.671255350112915,0.33034205436706543
6500,0.7111966609954834,0.35770440101623535
6900,0.7531957626342773,0.44376087188720703
7300,0.7978129386901855,0.4115588665008545
7700,0.8449983596801758,0.4316236972808838
8100,0.9157958030700684,0.44767022132873535
8500,0.9748530387878418,0.5666830539703369
8900,0.9711847305297852,0.5152714252471924
9300,1.0038237571716309,0.5123975276947021
9700,1.0466008186340332,0.5282647609710693
10100,1.090341567993164,0.5616331100463867
10500,1.1465108394622803,0.5850222110748291
10900,1.1794719696044922,0.6002042293548584
11300,0.9694678783416748,0.6020729541778564
11700,1.3178577423095703,0.6503746509552002
12100,1.3458588123321533,0.6735172271728516
12500,1.397353172302246,0.6905004978179932
12900,1.4202377796173096,0.7058405876159668
13300,1.4697861671447754,0.752173900604248
13700,0.793921947479248,0.38912320137023926
14100,0.829495906829834,0.396942138671875
14500,0.7826962471008301,0.49708104133605957
14900,0.7698311805725098,0.3948671817779541
