100,0.014494895935058594,0.005201816558837891
500,0.06820917129516602,0.03709912300109863
900,0.11044144630432129,0.05224776268005371
1300,0.1598052978515625,0.07106733322143555
1700,0.18807458877563477,0.09303855895996094
2100,0.23651766777038574,0.11465787887573242
2500,0.297532320022583,0.12710022926330566
2900,0.3253493309020996,0.15764641761779785
3300,0.371734619140625,0.17877674102783203
3700,0.41390490531921387,0.19859075546264648
4100,0.4552140235900879,0.2719244956970215
4500,0.49476003646850586,0.22508955001831055
4900,0.47925901412963867,0.17581987380981445
5300,0.5324416160583496,0.19233036041259766
5700,0.5996663570404053,0.3099067211151123
6100,0.6828744411468506,0.3294386863708496
6500,0.7236793041229248,0.3498075008392334
6900,0.7826035022735596,0.3773841857910156
7300,0.8277580738067627,0.3981928825378418
7700,0.8478920459747314,0.4180152416229248
8100,0.9098532199859619,0.437488317489624
8500,0.9395773410797119,0.4575986862182617
8900,0.7856471538543701,0.568183422088623
9300,1.0657100677490234,0.49218082427978516
9700,1.126265287399292,0.5191771984100342
10100,1.165879726409912,0.5411436557769775
10500,1.197052001953125,0.5553712844848633
10900,1.2576069831848145,0.6625535488128662
11300,0.8874683380126953,0.598761796951294
11700,1.0139832496643066,0.59287428855896
12100,1.3344221115112305,0.6227970123291016
12500,1.3588619232177734,0.6573379039764404
12900,1.0712943077087402,0.6674761772155762
13300,1.4597723484039307,0.6759402751922607
13700,1.5205543041229248,0.5324931144714355
14100,1.591130018234253,0.8011016845703125
14500,1.4048116207122803,0.539463996887207
14900,0.9896078109741211,0.4261345863342285
