100,0.02605152130126953,0.005862236022949219
500,0.06331896781921387,0.06397652626037598
900,0.12012267112731934,0.07416200637817383
1300,0.1457054615020752,0.09265661239624023
1700,0.19144892692565918,0.10712718963623047
2100,0.22759413719177246,0.12043976783752441
2500,0.2824578285217285,0.18035387992858887
2900,0.22059416770935059,0.17647695541381836
3300,0.3624856472015381,0.26867008209228516
3700,0.23587298393249512,0.14646363258361816
4100,0.4679982662200928,0.24748587608337402
4500,0.49329638481140137,0.23114013671875
4900,0.5262172222137451,0.32045984268188477
5300,0.6744542121887207,0.32130885124206543
5700,0.6362738609313965,0.27468156814575195
6100,0.5121293067932129,0.3295316696166992
6500,0.7213418483734131,0.3780045509338379
6900,0.761991024017334,0.3779120445251465
7300,0.6707034111022949,0.3923957347869873
7700,0.4737110137939453,0.42783141136169434
8100,0.7625613212585449,0.4516000747680664
8500,0.9622139930725098,0.46964144706726074
8900,0.8485543727874756,0.5787687301635742
9300,1.0320687294006348,0.5200021266937256
9700,1.078979253768921,0.5401389598846436
10100,1.1530699729919434,0.5375440120697021
10500,0.6234369277954102,0.5898609161376953
10900,1.2193288803100586,0.6107068061828613
11300,0.8013691902160645,0.5178968906402588
11700,1.2710533142089844,0.6531379222869873
12100,1.2995691299438477,0.6463892459869385
12500,1.3233351707458496,0.6584770679473877
12900,1.3864052295684814,0.6714563369750977
13300,1.424689531326294,0.681821346282959
13700,1.4845044612884521,0.7043521404266357
14100,1.5246105194091797,0.744074821472168
14500,1.5785198211669922,0.7748205661773682
14900,1.6401581764221191,0.8211765289306641
