100,0.00959324836730957,0.0084228515625
500,0.043589115142822266,0.04030966758728027
900,0.057930707931518555,0.06885194778442383
1300,0.07686161994934082,0.08273839950561523
1700,0.16172313690185547,0.09020781517028809
2100,0.19646978378295898,0.11566448211669922
2500,0.2691936492919922,0.13463115692138672
2900,0.2443404197692871,0.14964032173156738
3300,0.4500124454498291,0.20462656021118164
3700,0.44589757919311523,0.23235034942626953
4100,0.5401668548583984,0.2409679889678955
4500,0.5286321640014648,0.2653849124908447
4900,0.6027956008911133,0.2604103088378906
5300,0.4987642765045166,0.35558271408081055
5700,0.49529576301574707,0.3375535011291504
6100,0.6259851455688477,0.31170153617858887
6500,0.716590404510498,0.30751967430114746
6900,0.8169572353363037,0.40328478813171387
7300,0.7729794979095459,0.39559364318847656
7700,0.6991150379180908,0.3580055236816406
8100,0.9393153190612793,0.26587820053100586
8500,0.7222409248352051,0.2864863872528076
8900,1.015550136566162,0.44678664207458496
9300,1.0054848194122314,0.5562100410461426
9700,0.9351058006286621,0.36198925971984863
10100,0.7407329082489014,0.4186732769012451
10500,1.1760294437408447,0.4166984558105469
10900,1.2357723712921143,0.377002477645874
11300,1.2649366855621338,0.6140751838684082
11700,0.9091823101043701,0.5182297229766846
12100,1.3764243125915527,0.6586697101593018
12500,1.4380104541778564,0.7119598388671875
12900,1.4986588954925537,0.7085916996002197
13300,1.5130469799041748,0.6931254863739014
13700,1.5660181045532227,0.5212228298187256
14100,0.9277303218841553,0.7752499580383301
14500,1.6657896041870117,0.8138461112976074
14900,1.0729436874389648,0.8158125877380371
