100,0.014075040817260742,0.005848407745361328
500,0.05834150314331055,0.027675867080688477
900,0.10240817070007324,0.05011272430419922
1300,0.16895723342895508,0.06715941429138184
1700,0.19010329246520996,0.09557175636291504
2100,0.23570680618286133,0.10828471183776855
2500,0.31113266944885254,0.1451098918914795
2900,0.3301541805267334,0.1553058624267578
3300,0.24896907806396484,0.18255352973937988
3700,0.3877854347229004,0.20608973503112793
4100,0.4613618850708008,0.211989164352417
4500,0.5102417469024658,0.24900317192077637
4900,0.5331614017486572,0.26960277557373047
5300,0.5856478214263916,0.29199934005737305
5700,0.48016786575317383,0.29091668128967285
6100,0.5591633319854736,0.32564640045166016
6500,0.6844222545623779,0.32477402687072754
6900,0.6272821426391602,0.4140913486480713
7300,0.7868635654449463,0.3977816104888916
7700,0.8451683521270752,0.42249178886413574
8100,0.8992693424224854,0.4394950866699219
8500,0.9400336742401123,0.44824719429016113
8900,0.9863877296447754,0.47161030769348145
9300,0.8422834873199463,0.5339269638061523
9700,0.6643645763397217,0.4815101623535156
10100,0.7851338386535645,0.37107157707214355
10500,1.2071435451507568,0.5791354179382324
10900,1.2270119190216064,0.6269843578338623
11300,1.275486707687378,0.6147201061248779
11700,1.3627877235412598,0.5367159843444824
12100,1.1261603832244873,0.3832724094390869
12500,1.343233346939087,0.6714270114898682
12900,1.4965476989746094,0.6660971641540527
13300,1.3814408779144287,0.7236566543579102
13700,1.5581059455871582,0.7246067523956299
14100,1.1323215961456299,0.4084763526916504
14500,0.8962869644165039,0.40305280685424805
14900,0.8382065296173096,0.4186055660247803
