100,0.04413199424743652,0.013692617416381836
500,0.05918622016906738,0.032071590423583984
900,0.10416722297668457,0.08158349990844727
1300,0.1497039794921875,0.0976719856262207
1700,0.20071005821228027,0.12647390365600586
2100,0.2684593200683594,0.18984293937683105
2500,0.3283498287200928,0.13718104362487793
2900,0.371474027633667,0.15874814987182617
3300,0.3669140338897705,0.20688676834106445
3700,0.45299696922302246,0.23221516609191895
4100,0.4532785415649414,0.21665358543395996
4500,0.5386052131652832,0.25101804733276367
4900,0.5699868202209473,0.28420138359069824
5300,0.5850725173950195,0.2856457233428955
5700,0.7829680442810059,0.20460844039916992
6100,0.5611302852630615,0.37415170669555664
6500,0.5084974765777588,0.3657398223876953
6900,0.8044979572296143,0.3668479919433594
7300,0.8036634922027588,0.4342226982116699
7700,0.8783509731292725,0.3849070072174072
8100,0.5072526931762695,0.5509970188140869
8500,0.6312029361724854,0.3196854591369629
8900,1.02260160446167,0.49183106422424316
9300,0.7516300678253174,0.5267088413238525
9700,1.1104631423950195,0.5303218364715576
10100,1.166292428970337,0.5245792865753174
10500,1.1930463314056396,0.6155152320861816
10900,1.248621940612793,0.6088545322418213
11300,1.2964692115783691,0.6754720211029053
11700,1.3181545734405518,0.6503901481628418
12100,1.367243766784668,0.6703970432281494
12500,1.4194269180297852,0.6912672519683838
12900,1.4345207214355469,0.7177865505218506
13300,1.5239062309265137,0.7177035808563232
13700,1.581608533859253,0.7403972148895264
14100,1.3817100524902344,0.942694902420044
14500,1.4330346584320068,0.6317884922027588
14900,1.6670706272125244,0.8034224510192871
