100,0.013200044631958008,0.005980491638183594
500,0.07110452651977539,0.0280148983001709
900,0.10477852821350098,0.04358029365539551
1300,0.15633797645568848,0.09750819206237793
1700,0.15021395683288574,0.13254261016845703
2100,0.16147232055664062,0.11083793640136719
2500,0.188248872756958,0.18012690544128418
2900,0.18565821647644043,0.1276850700378418
3300,0.389662504196167,0.22974848747253418
3700,0.20303058624267578,0.2350771427154541
4100,0.30840229988098145,0.16265082359313965
4500,0.4329695701599121,0.1710958480834961
4900,0.6213726997375488,0.18127703666687012
5300,0.499861478805542,0.3246159553527832
5700,0.7518994808197021,0.37530970573425293
6100,0.6926295757293701,0.28156113624572754
6500,0.4035220146179199,0.37398552894592285
6900,0.5206553936004639,0.4196889400482178
7300,0.8197999000549316,0.32761573791503906
7700,0.8406147956848145,0.44472336769104004
8100,0.8230319023132324,0.45129919052124023
8500,0.9553875923156738,0.5959370136260986
8900,0.5727090835571289,0.47910523414611816
9300,1.0252952575683594,0.5997822284698486
9700,0.6966540813446045,0.3447542190551758
10100,1.1284072399139404,0.5290250778198242
10500,1.0806779861450195,0.5812335014343262
10900,1.2018613815307617,0.43143272399902344
11300,1.0815660953521729,0.4486827850341797
11700,0.9485375881195068,0.6235225200653076
12100,0.8892619609832764,0.611915111541748
12500,1.1422779560089111,0.6929295063018799
12900,1.0080125331878662,0.6949245929718018
13300,1.3120853900909424,0.7132163047790527
13700,1.4620423316955566,0.7362358570098877
14100,0.8486132621765137,0.5846703052520752
14500,0.9517974853515625,0.5384676456451416
14900,1.0372402667999268,0.5101382732391357
