100,0.01651787757873535,0.007501363754272461
500,0.06073784828186035,0.03818058967590332
900,0.10414767265319824,0.0708467960357666
1300,0.20382404327392578,0.10710430145263672
1700,0.21642041206359863,0.10279512405395508
2100,0.200272798538208,0.10473847389221191
2500,0.21431827545166016,0.13456201553344727
2900,0.30225324630737305,0.1582932472229004
3300,0.4367830753326416,0.20061421394348145
3700,0.4131650924682617,0.21106290817260742
4100,0.3424417972564697,0.16968154907226562
4500,0.4120926856994629,0.1743941307067871
4900,0.6188879013061523,0.28783106803894043
5300,0.40349316596984863,0.31679606437683105
5700,0.43575072288513184,0.2055039405822754
6100,0.6889681816101074,0.33360719680786133
6500,0.6386489868164062,0.2832932472229004
6900,0.5638248920440674,0.26087212562561035
7300,0.8248612880706787,0.39313364028930664
7700,0.6886417865753174,0.273453950881958
8100,0.6904051303863525,0.41431355476379395
8500,0.9507806301116943,0.46207427978515625
8900,0.9912440776824951,0.4703786373138428
9300,1.0316178798675537,0.5735883712768555
9700,1.0972721576690674,0.5313897132873535
10100,1.0949127674102783,0.42714619636535645
10500,1.0964643955230713,0.5757982730865479
10900,1.3038887977600098,0.6686341762542725
11300,1.291529655456543,0.6409738063812256
11700,0.9099528789520264,0.6371657848358154
12100,0.968273401260376,0.5498714447021484
12500,1.4060566425323486,0.7021996974945068
12900,0.9657454490661621,0.39765286445617676
13300,1.1717720031738281,0.46561193466186523
13700,1.2152175903320312,0.7100870609283447
14100,1.3842449188232422,0.7252814769744873
14500,1.6166338920593262,0.7461962699890137
14900,1.6315138339996338,0.452556848526001
