100,0.016144752502441406,0.005435466766357422
500,0.05920982360839844,0.02654290199279785
900,0.1068873405456543,0.05051994323730469
1300,0.1461937427520752,0.07056283950805664
1700,0.17722320556640625,0.09091734886169434
2100,0.23798656463623047,0.11945319175720215
2500,0.27820277214050293,0.16096234321594238
2900,0.3263118267059326,0.2033839225769043
3300,0.37560129165649414,0.18344497680664062
3700,0.4189169406890869,0.2242107391357422
4100,0.4714069366455078,0.23340511322021484
4500,0.4737122058868408,0.2733631134033203
4900,0.3144845962524414,0.2800731658935547
5300,0.5812525749206543,0.28023481369018555
5700,0.5945262908935547,0.29524803161621094
6100,0.6624331474304199,0.345287561416626
6500,0.7399318218231201,0.2572181224822998
6900,0.7427947521209717,0.38611555099487305
7300,0.79268479347229,0.38407444953918457
7700,0.8465304374694824,0.4660506248474121
8100,0.8822410106658936,0.44484901428222656
8500,0.9167771339416504,0.46100449562072754
8900,0.9426953792572021,0.46484994888305664
9300,1.0074079036712646,0.4891083240509033
9700,1.1015212535858154,0.5436544418334961
10100,1.1108059883117676,0.5604579448699951
10500,1.1468088626861572,0.5822122097015381
10900,1.1887123584747314,0.6081464290618896
11300,1.2204179763793945,0.7032279968261719
11700,1.2354071140289307,0.6080594062805176
12100,1.2982301712036133,0.6256065368652344
12500,1.3733861446380615,0.6667966842651367
12900,1.4235048294067383,0.7168192863464355
13300,1.4521749019622803,0.7294571399688721
13700,1.0697007179260254,0.38567185401916504
14100,0.7651362419128418,0.4070601463317871
14500,0.7432379722595215,0.3845832347869873
14900,0.7440810203552246,0.3778660297393799
