100,0.01532125473022461,0.01632237434387207
500,0.06618356704711914,0.028239727020263672
900,0.11250853538513184,0.051596641540527344
1300,0.1327979564666748,0.07750582695007324
1700,0.22100591659545898,0.09225678443908691
2100,0.2056131362915039,0.12317204475402832
2500,0.19795942306518555,0.15235257148742676
2900,0.3347434997558594,0.20687365531921387
3300,0.37226366996765137,0.23049211502075195
3700,0.4235210418701172,0.20785832405090332
4100,0.3265714645385742,0.2196495532989502
4500,0.49367833137512207,0.24243640899658203
4900,0.546151876449585,0.2589998245239258
5300,0.5743298530578613,0.28150224685668945
5700,0.6318914890289307,0.3026089668273926
6100,0.6752796173095703,0.3187136650085449
6500,0.7173025608062744,0.3367331027984619
6900,0.7587711811065674,0.36467838287353516
7300,0.7969944477081299,0.3848748207092285
7700,0.8635127544403076,0.4060485363006592
8100,0.8918969631195068,0.4295811653137207
8500,0.9534749984741211,0.46309566497802734
8900,0.9985382556915283,0.4901599884033203
9300,1.0349359512329102,0.5010766983032227
9700,1.0731594562530518,0.5176103115081787
10100,1.0402331352233887,0.5663652420043945
10500,1.1977980136871338,0.5827999114990234
10900,1.2493247985839844,0.6112587451934814
11300,1.2880027294158936,0.6401705741882324
11700,1.354325771331787,0.6547348499298096
12100,1.3687307834625244,0.7865839004516602
12500,1.4363033771514893,0.838843584060669
12900,1.4678571224212646,0.7230684757232666
13300,1.5296342372894287,0.7404694557189941
13700,1.540297269821167,0.7430403232574463
14100,1.5906403064727783,0.7604408264160156
14500,1.665637731552124,0.7365660667419434
14900,1.7016534805297852,0.8132922649383545
