100,0.07442975044250488,0.015542268753051758
500,0.12995457649230957,0.04038095474243164
900,0.19016361236572266,0.07913494110107422
1300,0.19756293296813965,0.07868385314941406
1700,0.27747011184692383,0.09417343139648438
2100,0.27574849128723145,0.13643670082092285
2500,0.30342674255371094,0.13944029808044434
2900,0.3168318271636963,0.17315363883972168
3300,0.3987753391265869,0.1809854507446289
3700,0.43848538398742676,0.14525866508483887
4100,0.37317657470703125,0.226426362991333
4500,0.4882223606109619,0.2597343921661377
4900,0.49032020568847656,0.2635526657104492
5300,0.6429381370544434,0.2966606616973877
5700,0.6560168266296387,0.33634424209594727
6100,0.6731264591217041,0.3277146816253662
6500,0.7105607986450195,0.353560209274292
6900,0.6201958656311035,0.255354642868042
7300,0.8083064556121826,0.40088534355163574
7700,0.7388169765472412,0.4053008556365967
8100,0.8988261222839355,0.4748573303222656
8500,0.9287266731262207,0.46955275535583496
8900,0.5803258419036865,0.49434423446655273
9300,1.0314323902130127,0.516165018081665
9700,1.086977243423462,0.554546594619751
10100,1.116875410079956,0.563176155090332
10500,1.157426357269287,0.558565616607666
10900,1.227257490158081,0.5857014656066895
11300,1.2707734107971191,0.6411113739013672
11700,0.7353801727294922,0.4560863971710205
12100,0.7064697742462158,0.4445064067840576
12500,0.8204593658447266,0.3899979591369629
12900,0.9596338272094727,0.463733434677124
13300,0.8372189998626709,0.46429944038391113
13700,0.8073558807373047,0.4756276607513428
14100,0.9628951549530029,0.49431872367858887
14500,0.9154231548309326,0.4984869956970215
14900,0.9409677982330322,0.47332310676574707
