100,0.0918431282043457,0.00763392448425293
500,0.09883713722229004,0.05888962745666504
900,0.12785625457763672,0.0847938060760498
1300,0.171675443649292,0.10714983940124512
1700,0.2543957233428955,0.09432291984558105
2100,0.23669004440307617,0.11527252197265625
2500,0.29500842094421387,0.17335033416748047
2900,0.3953258991241455,0.13091731071472168
3300,0.39596056938171387,0.20035815238952637
3700,0.4470086097717285,0.18419623374938965
4100,0.512420654296875,0.2231731414794922
4500,0.41347289085388184,0.2342233657836914
4900,0.6112027168273926,0.2634105682373047
5300,0.597999095916748,0.27503323554992676
5700,0.5250544548034668,0.33261656761169434
6100,0.7073423862457275,0.3317852020263672
6500,0.7632265090942383,0.35388851165771484
6900,0.7866911888122559,0.38681650161743164
7300,0.7611644268035889,0.3040962219238281
7700,0.6984398365020752,0.4332418441772461
8100,0.4744422435760498,0.3978574275970459
8500,0.6908283233642578,0.36645054817199707
8900,0.8192567825317383,0.35263490676879883
9300,0.7191708087921143,0.476973295211792
9700,1.0919744968414307,0.5530602931976318
10100,1.0992035865783691,0.5222373008728027
10500,0.8138394355773926,0.3365809917449951
10900,1.1487836837768555,0.4327054023742676
11300,1.200284719467163,0.355698823928833
11700,1.3158409595489502,0.6415865421295166
12100,1.392421007156372,0.5216162204742432
12500,1.4249675273895264,0.40262293815612793
12900,1.460219144821167,0.46129608154296875
13300,1.4812531471252441,0.6389408111572266
13700,1.4906246662139893,0.4270942211151123
14100,1.2917518615722656,0.7576866149902344
14500,1.393601655960083,0.7848773002624512
14900,1.4949707984924316,0.8415834903717041
