100,0.01560831069946289,0.015651464462280273
500,0.08602094650268555,0.04699277877807617
900,0.165024995803833,0.06035876274108887
1300,0.16690635681152344,0.08110618591308594
1700,0.18895578384399414,0.09466743469238281
2100,0.24020934104919434,0.11269092559814453
2500,0.2831723690032959,0.14800119400024414
2900,0.17240500450134277,0.1890561580657959
3300,0.2715606689453125,0.15252470970153809
3700,0.3221311569213867,0.14670634269714355
4100,0.46970462799072266,0.1529996395111084
4500,0.6061379909515381,0.165024995803833
4900,0.6197984218597412,0.18027973175048828
5300,0.7080481052398682,0.19085192680358887
5700,0.6448545455932617,0.2648329734802246
6100,0.7200305461883545,0.3330674171447754
6500,0.7399353981018066,0.3494570255279541
6900,0.6869699954986572,0.3525888919830322
7300,0.6840682029724121,0.2569916248321533
7700,0.7696082592010498,0.31720542907714844
8100,0.7212762832641602,0.4861166477203369
8500,0.966956377029419,0.4641869068145752
8900,0.9635605812072754,0.46396327018737793
9300,1.026214838027954,0.49309515953063965
9700,1.081711769104004,0.5259151458740234
10100,1.1296143531799316,0.5496261119842529
10500,1.184227705001831,0.5749597549438477
10900,0.96392822265625,0.5585682392120361
11300,1.241499423980713,0.6081230640411377
11700,1.086648941040039,0.6108493804931641
12100,1.3582415580749512,0.657740592956543
12500,1.3731906414031982,0.7413098812103271
12900,1.4337506294250488,0.6991040706634521
13300,1.4927842617034912,0.8130981922149658
13700,1.5753223896026611,0.7374367713928223
14100,1.6058592796325684,0.7571959495544434
14500,1.6418206691741943,0.7645113468170166
14900,1.639655351638794,0.8062212467193604
