100,0.023617267608642578,0.017199993133544922
500,0.09329509735107422,0.05265688896179199
900,0.12052321434020996,0.08393025398254395
1300,0.188309907913208,0.11454582214355469
1700,0.1861710548400879,0.11522030830383301
2100,0.22527623176574707,0.17649126052856445
2500,0.3374907970428467,0.16439032554626465
2900,0.39036035537719727,0.1571640968322754
3300,0.3763275146484375,0.17981672286987305
3700,0.43564844131469727,0.19915556907653809
4100,0.5080711841583252,0.2206566333770752
4500,0.39474916458129883,0.24315166473388672
4900,0.5349152088165283,0.2655365467071533
5300,0.5919969081878662,0.28686070442199707
5700,0.6191501617431641,0.3837711811065674
6100,0.5032453536987305,0.330310583114624
6500,0.5657038688659668,0.35589098930358887
6900,0.7268614768981934,0.3942553997039795
7300,0.7708985805511475,0.37830519676208496
7700,0.5351381301879883,0.40087151527404785
8100,0.8165347576141357,0.32643795013427734
8500,0.6082248687744141,0.464263916015625
8900,0.6444487571716309,0.4902935028076172
9300,0.509678840637207,0.5277972221374512
9700,0.5613024234771729,0.5616357326507568
10100,0.6977229118347168,0.34421372413635254
10500,0.7299857139587402,0.3358323574066162
10900,0.7025415897369385,0.5940937995910645
11300,1.238189697265625,0.6200892925262451
11700,1.2838995456695557,0.6754751205444336
12100,1.2912166118621826,0.6554083824157715
12500,1.356942892074585,0.7078981399536133
12900,1.3742809295654297,0.6847968101501465
13300,1.416477918624878,0.70015549659729
13700,1.4599497318267822,0.7262318134307861
14100,1.4873054027557373,0.7535700798034668
14500,1.552919626235962,0.7769594192504883
14900,1.6090688705444336,0.8017585277557373
