100,0.014177799224853516,0.0058667659759521484
500,0.06044268608093262,0.029097318649291992
900,0.10118317604064941,0.050783395767211914
1300,0.14646697044372559,0.07150578498840332
1700,0.18088364601135254,0.09540796279907227
2100,0.22139954566955566,0.11858034133911133
2500,0.28369903564453125,0.1293637752532959
2900,0.318676233291626,0.15272021293640137
3300,0.3625967502593994,0.1793978214263916
3700,0.408947229385376,0.21174860000610352
4100,0.4358792304992676,0.22335433959960938
4500,0.4956543445587158,0.28844499588012695
4900,0.5369734764099121,0.25810933113098145
5300,0.593203067779541,0.29480481147766113
5700,0.6181604862213135,0.312089204788208
6100,0.672377347946167,0.3810265064239502
6500,0.7270774841308594,0.34447741508483887
6900,0.7473282814025879,0.3754761219024658
7300,0.7952699661254883,0.3911778926849365
7700,0.8502745628356934,0.4659237861633301
8100,0.8936975002288818,0.3974184989929199
8500,0.5179038047790527,0.40610289573669434
8900,0.9917023181915283,0.49619626998901367
9300,1.027991771697998,0.5099277496337891
9700,0.6219346523284912,0.4572737216949463
10100,0.8367857933044434,0.5710089206695557
10500,1.142394781112671,0.5678501129150391
10900,1.1954245567321777,0.6081569194793701
11300,1.2380616664886475,0.6262092590332031
11700,1.2713208198547363,0.6522808074951172
12100,1.1226167678833008,0.6127605438232422
12500,1.3418469429016113,0.6493170261383057
12900,1.3772022724151611,0.627824068069458
13300,1.4546928405761719,0.7463867664337158
13700,1.4943950176239014,0.7608168125152588
14100,0.9340126514434814,0.5325372219085693
14500,0.8082714080810547,0.4276731014251709
14900,0.8849213123321533,0.41582703590393066
