100,0.006923675537109375,0.003082752227783203
500,0.08685612678527832,0.04496335983276367
900,0.175032377243042,0.08291244506835938
1300,0.2097933292388916,0.06688761711120605
1700,0.19220590591430664,0.09442305564880371
2100,0.2725963592529297,0.11645293235778809
2500,0.2739396095275879,0.1451098918914795
2900,0.3307220935821533,0.1921241283416748
3300,0.3589010238647461,0.19185400009155273
3700,0.3374762535095215,0.22588300704956055
4100,0.4415895938873291,0.23769593238830566
4500,0.26056504249572754,0.23372673988342285
4900,0.5282347202301025,0.3612251281738281
5300,0.6063399314880371,0.3042008876800537
5700,0.6541099548339844,0.30349087715148926
6100,0.6708381175994873,0.3146042823791504
6500,0.6950695514678955,0.3583500385284424
6900,0.4287869930267334,0.3294830322265625
7300,0.7856523990631104,0.4056837558746338
7700,0.8446950912475586,0.42493462562561035
8100,0.6586754322052002,0.42290186882019043
8500,0.6388070583343506,0.4663214683532715
8900,0.7739355564117432,0.3816533088684082
9300,0.6748762130737305,0.3901996612548828
9700,0.7493751049041748,0.41688108444213867
10100,1.142920970916748,0.566864013671875
10500,0.9655141830444336,0.6257007122039795
10900,0.9791121482849121,0.37544679641723633
11300,1.0107343196868896,0.5200963020324707
11700,1.3112714290618896,0.4959120750427246
12100,1.364372730255127,0.6939914226531982
12500,1.3215162754058838,0.6934034824371338
12900,0.8902523517608643,0.49526286125183105
13300,1.051969051361084,0.4579131603240967
13700,0.9048969745635986,0.5149085521697998
14100,1.5375277996063232,0.6706323623657227
14500,0.844879150390625,0.4920957088470459
14900,1.618077039718628,0.8289389610290527
