100,0.030925989151000977,0.0192568302154541
500,0.0967855453491211,0.038758039474487305
900,0.166900634765625,0.07046198844909668
1300,0.19306540489196777,0.10690164566040039
1700,0.1978774070739746,0.09991741180419922
2100,0.2364788055419922,0.11145424842834473
2500,0.2782135009765625,0.13263988494873047
2900,0.33084964752197266,0.1556386947631836
3300,0.37201905250549316,0.18184542655944824
3700,0.41968369483947754,0.20815420150756836
4100,0.4713554382324219,0.2104637622833252
4500,0.49860358238220215,0.24261903762817383
4900,0.5442085266113281,0.24880480766296387
5300,0.5890657901763916,0.27858686447143555
5700,0.6314404010772705,0.29350829124450684
6100,0.35863471031188965,0.32738351821899414
6500,0.7309286594390869,0.35128331184387207
6900,0.7924516201019287,0.3851926326751709
7300,0.4310801029205322,0.24535274505615234
7700,0.8508658409118652,0.26424288749694824
8100,0.9002442359924316,0.393923282623291
8500,0.821333646774292,0.4701840877532959
8900,0.9826300144195557,0.4922041893005371
9300,1.0340254306793213,0.352567195892334
9700,0.7984368801116943,0.4110374450683594
10100,0.7329592704772949,0.48601460456848145
10500,0.7138826847076416,0.361879825592041
10900,0.8273186683654785,0.4787752628326416
11300,0.8676414489746094,0.36104440689086914
11700,0.7587082386016846,0.6293239593505859
12100,1.3266303539276123,0.6481242179870605
12500,1.415729284286499,0.673027515411377
12900,1.457399845123291,0.6767756938934326
13300,1.4662823677062988,0.7241754531860352
13700,1.5057876110076904,0.7646422386169434
14100,1.6158344745635986,0.7773821353912354
14500,1.6331534385681152,0.7882988452911377
14900,1.7226784229278564,0.7940690517425537
