100,0.024519681930541992,0.005944967269897461
500,0.05756855010986328,0.02837848663330078
900,0.10028314590454102,0.04759836196899414
1300,0.15567755699157715,0.07262778282165527
1700,0.18212318420410156,0.09574627876281738
2100,0.23145794868469238,0.12133026123046875
2500,0.27234911918640137,0.12781620025634766
2900,0.3243720531463623,0.16073274612426758
3300,0.3733999729156494,0.19318222999572754
3700,0.3994271755218506,0.19594311714172363
4100,0.46634387969970703,0.22593331336975098
4500,0.5029299259185791,0.24596142768859863
4900,0.5404865741729736,0.2695770263671875
5300,0.5824580192565918,0.29401636123657227
5700,0.627211332321167,0.3345768451690674
6100,0.6656148433685303,0.32308030128479004
6500,0.7044193744659424,0.35991525650024414
6900,0.7713911533355713,0.40500688552856445
7300,0.8164386749267578,0.40198469161987305
7700,0.8860251903533936,0.45353221893310547
8100,0.9132668972015381,0.46128058433532715
8500,0.9233579635620117,0.4691150188446045
8900,0.9775195121765137,0.5763757228851318
9300,1.0299148559570312,0.5139858722686768
9700,1.081193447113037,0.5316767692565918
10100,1.123091459274292,0.5557498931884766
10500,1.170945644378662,0.572197675704956
10900,1.2095115184783936,0.603762149810791
11300,1.091486930847168,0.43270325660705566
11700,0.7637298107147217,0.5946857929229736
12100,1.2003173828125,0.6622989177703857
12500,1.157747745513916,0.6931307315826416
12900,0.789679765701294,0.6980550289154053
13300,1.4297270774841309,0.7223832607269287
13700,0.7976799011230469,0.518902063369751
14100,0.8152170181274414,0.3911120891571045
14500,0.9024462699890137,0.4342975616455078
14900,0.8348870277404785,0.4763925075531006
