100,0.007415056228637695,0.0029768943786621094
500,0.06559491157531738,0.028009414672851562
900,0.11307549476623535,0.05207943916320801
1300,0.1488802433013916,0.07295536994934082
1700,0.2050185203552246,0.09319281578063965
2100,0.23551440238952637,0.11736536026000977
2500,0.2752070426940918,0.13719677925109863
2900,0.3282482624053955,0.15869760513305664
3300,0.37244153022766113,0.1824350357055664
3700,0.40755176544189453,0.20371484756469727
4100,0.5085635185241699,0.2131040096282959
4500,0.512840986251831,0.25195837020874023
4900,0.47875452041625977,0.2574622631072998
5300,0.5019452571868896,0.30841064453125
5700,0.47272586822509766,0.20142769813537598
6100,0.6617274284362793,0.3256106376647949
6500,0.447965145111084,0.258328914642334
6900,0.7738533020019531,0.28555965423583984
7300,0.8113794326782227,0.46260738372802734
7700,0.6711559295654297,0.4432976245880127
8100,0.9154067039489746,0.2685203552246094
8500,0.5266883373260498,0.49503040313720703
8900,0.7736279964447021,0.5177450180053711
9300,1.0136172771453857,0.5357637405395508
9700,1.0927655696868896,0.5393121242523193
10100,1.1166956424713135,0.5778074264526367
10500,1.1610019207000732,0.5775644779205322
10900,0.915252685546875,0.424102783203125
11300,0.9556009769439697,0.6172962188720703
11700,0.7406489849090576,0.4792594909667969
12100,0.7829740047454834,0.42421579360961914
12500,1.3180813789367676,0.6882436275482178
12900,1.3447973728179932,0.7063462734222412
13300,1.4600296020507812,0.743199348449707
13700,1.1629817485809326,0.5124504566192627
14100,0.8361492156982422,0.7584390640258789
14500,1.5544507503509521,0.7317526340484619
14900,1.0408554077148438,0.6558489799499512
