100,0.025443315505981445,0.0057964324951171875
500,0.05546379089355469,0.028021574020385742
900,0.10125517845153809,0.050518035888671875
1300,0.14624905586242676,0.07276749610900879
1700,0.17351531982421875,0.0881798267364502
2100,0.24734234809875488,0.09648919105529785
2500,0.27285337448120117,0.1415696144104004
2900,0.32369375228881836,0.1585390567779541
3300,0.34950804710388184,0.1856379508972168
3700,0.3918948173522949,0.1856997013092041
4100,0.4607234001159668,0.2200927734375
4500,0.4894754886627197,0.23990511894226074
4900,0.40781617164611816,0.2950439453125
5300,0.530642032623291,0.2900247573852539
5700,0.6421914100646973,0.30466532707214355
6100,0.5578126907348633,0.3364081382751465
6500,0.7287256717681885,0.22574210166931152
6900,0.7246830463409424,0.37669920921325684
7300,0.7784874439239502,0.41852569580078125
7700,0.8528380393981934,0.28974461555480957
8100,0.5485706329345703,0.5020484924316406
8500,0.5435781478881836,0.34136104583740234
8900,0.9315581321716309,0.49026060104370117
9300,1.0440845489501953,0.5178570747375488
9700,0.6706223487854004,0.4745006561279297
10100,0.8463764190673828,0.3556082248687744
10500,0.9645090103149414,0.34630918502807617
10900,1.0424983501434326,0.5990016460418701
11300,1.143927812576294,0.6006581783294678
11700,1.025615930557251,0.6440417766571045
12100,1.244152545928955,0.5200197696685791
12500,1.111865520477295,0.6960506439208984
12900,1.4258272647857666,0.7394535541534424
13300,1.4470856189727783,0.7448499202728271
13700,1.4922387599945068,0.756356954574585
14100,1.5558662414550781,0.7781867980957031
14500,1.554732322692871,0.42291903495788574
14900,0.9120471477508545,0.5380208492279053
