100,0.01552128791809082,0.007632017135620117
500,0.06988954544067383,0.03226494789123535
900,0.10232400894165039,0.0696260929107666
1300,0.14169883728027344,0.10239839553833008
1700,0.20874714851379395,0.09476971626281738
2100,0.22820663452148438,0.1474628448486328
2500,0.27335500717163086,0.19722890853881836
2900,0.3401200771331787,0.1735830307006836
3300,0.38583850860595703,0.17296719551086426
3700,0.41999363899230957,0.20507359504699707
4100,0.45986342430114746,0.22739124298095703
4500,0.49108004570007324,0.2503974437713623
4900,0.5379214286804199,0.2693822383880615
5300,0.5771856307983398,0.2904994487762451
5700,0.6215469837188721,0.3167445659637451
6100,0.6740155220031738,0.34171152114868164
6500,0.7144327163696289,0.36183881759643555
6900,0.759432315826416,0.3861980438232422
7300,0.7943081855773926,0.4034688472747803
7700,0.8370704650878906,0.43256425857543945
8100,0.8926608562469482,0.4425938129425049
8500,0.9300909042358398,0.45855045318603516
8900,0.9665312767028809,0.5039103031158447
9300,1.0167710781097412,0.5216042995452881
9700,1.0477397441864014,0.5261061191558838
10100,1.1083011627197266,0.5616989135742188
10500,1.160334825515747,0.5867619514465332
10900,1.192101001739502,0.6115620136260986
11300,1.2468955516815186,0.6217937469482422
11700,1.2847635746002197,0.6461622714996338
12100,1.3065876960754395,0.7593543529510498
12500,1.3601984977722168,0.7035486698150635
12900,1.4070611000061035,0.7138142585754395
13300,1.4485599994659424,0.7494966983795166
13700,1.5085818767547607,0.7685322761535645
14100,1.5593514442443848,0.7865750789642334
14500,1.6058015823364258,0.7837066650390625
14900,1.6328229904174805,0.7140474319458008
