100,0.015810489654541016,0.005956888198852539
500,0.0788118839263916,0.027422189712524414
900,0.10582232475280762,0.05078268051147461
1300,0.1496264934539795,0.07248902320861816
1700,0.1907062530517578,0.09222030639648438
2100,0.24624300003051758,0.11470913887023926
2500,0.27619171142578125,0.1411440372467041
2900,0.32526326179504395,0.1542818546295166
3300,0.3645284175872803,0.1806793212890625
3700,0.42052149772644043,0.2120530605316162
4100,0.46616339683532715,0.2239093780517578
4500,0.5085153579711914,0.2502725124359131
4900,0.5484578609466553,0.2689697742462158
5300,0.6073358058929443,0.28978633880615234
5700,0.6511881351470947,0.30034518241882324
6100,0.6712172031402588,0.3141939640045166
6500,0.7161695957183838,0.33919262886047363
6900,0.7535710334777832,0.3459744453430176
7300,0.8035497665405273,0.3755168914794922
7700,0.8690564632415771,0.3924400806427002
8100,0.895057201385498,0.4257047176361084
8500,0.9544706344604492,0.46104931831359863
8900,0.9935638904571533,0.5179998874664307
9300,1.0654468536376953,0.5072448253631592
9700,1.114058494567871,0.5347030162811279
10100,1.1614799499511719,0.5260932445526123
10500,1.1361665725708008,0.5866413116455078
10900,1.2400355339050293,0.5920181274414062
11300,1.2488343715667725,0.644251823425293
11700,1.275876522064209,0.6807811260223389
12100,1.3245513439178467,0.6230127811431885
12500,1.3786263465881348,0.6555802822113037
12900,1.4122953414916992,0.6619565486907959
13300,1.4556751251220703,0.7241804599761963
13700,1.5606350898742676,0.7929608821868896
14100,0.8450572490692139,0.4510061740875244
14500,0.9016783237457275,0.481198787689209
14900,0.8557236194610596,0.40998196601867676
