100,0.06352925300598145,0.005690574645996094
500,0.342954158782959,0.029218196868896484
900,0.38412022590637207,0.053557634353637695
1300,1.232239007949829,0.08583426475524902
1700,0.5978021621704102,0.07598710060119629
2100,0.5222115516662598,0.06624436378479004
2500,1.8787286281585693,0.15339255332946777
2900,1.3378372192382812,0.2607235908508301
3300,1.4247384071350098,0.1310582160949707
3700,2.077310562133789,0.2345108985900879
4100,1.5158905982971191,0.25693535804748535
4500,2.4767138957977295,0.3810410499572754
4900,4.266132116317749,0.3765990734100342
5300,2.2104451656341553,0.3238813877105713
5700,3.3049917221069336,0.4152824878692627
6100,2.544124126434326,0.3942117691040039
6500,4.826807498931885,0.41926050186157227
6900,3.0492312908172607,0.45502805709838867
7300,1.204962968826294,0.9538424015045166
7700,3.5733442306518555,0.3246924877166748
8100,5.022271633148193,1.3766720294952393
8500,3.3071141242980957,0.40008068084716797
8900,3.60677170753479,0.7332806587219238
9300,2.955441474914551,0.6065621376037598
9700,4.526674032211304,0.3662071228027344
10100,2.0819485187530518,1.3689024448394775
10500,3.1737914085388184,0.7019045352935791
10900,2.730808734893799,0.3689756393432617
11300,5.404812335968018,0.7728292942047119
11700,2.9386088848114014,0.43228793144226074
12100,4.22090220451355,0.7878398895263672
12500,4.543511867523193,0.4466569423675537
12900,3.85688853263855,0.5764002799987793
13300,6.4332594871521,0.4866604804992676
13700,3.1122348308563232,0.5460765361785889
14100,5.160238981246948,0.9363846778869629
14500,2.4387030601501465,0.9927997589111328
14900,2.7734360694885254,0.8811748027801514
