100,0.08120512962341309,0.0059032440185546875
500,0.3576626777648926,0.028818607330322266
900,0.15120744705200195,0.05343818664550781
1300,0.6718692779541016,0.08010578155517578
1700,0.6181581020355225,0.09965157508850098
2100,2.0068860054016113,0.12227869033813477
2500,0.7481663227081299,0.21316790580749512
2900,2.04109787940979,0.18401694297790527
3300,2.1493752002716064,0.21068692207336426
3700,1.5544633865356445,0.2362825870513916
4100,0.9415156841278076,0.4675004482269287
4500,2.0041744709014893,0.3924696445465088
4900,0.7929103374481201,0.16721844673156738
5300,1.9509906768798828,0.34578514099121094
5700,2.3992254734039307,0.24573707580566406
6100,1.520181655883789,0.2122046947479248
6500,1.4630911350250244,0.5677483081817627
6900,3.1043055057525635,0.2350478172302246
7300,2.537165403366089,0.3554420471191406
7700,0.7454662322998047,0.2716820240020752
8100,4.642897129058838,1.3379442691802979
8500,4.29448127746582,0.5672163963317871
8900,4.621103286743164,0.5940213203430176
9300,4.0368804931640625,0.6125907897949219
9700,1.64996337890625,0.33327507972717285
10100,2.832139015197754,1.8540523052215576
10500,6.968370676040649,2.015744686126709
10900,3.563941240310669,2.2228057384490967
11300,3.995347023010254,0.7541642189025879
11700,3.106760263442993,0.3768270015716553
12100,3.093566656112671,1.0738019943237305
12500,6.298611164093018,0.7896602153778076
12900,7.8169050216674805,0.4656984806060791
13300,4.834932088851929,0.78912353515625
13700,5.882172584533691,0.9193863868713379
14100,3.0582242012023926,0.8783624172210693
14500,11.977768659591675,1.4383962154388428
14900,5.3528571128845215,2.879802942276001
