100,0.03345680236816406,0.003266572952270508
500,0.07047104835510254,0.015357017517089844
900,0.5310003757476807,0.03586888313293457
1300,0.35900187492370605,0.04646944999694824
1700,0.6713101863861084,0.07448649406433105
2100,1.1947503089904785,0.19254636764526367
2500,1.943042278289795,0.20380830764770508
2900,0.8240764141082764,0.23207974433898926
3300,1.7576782703399658,0.20447301864624023
3700,0.9564917087554932,0.22933721542358398
4100,1.6122994422912598,0.26804018020629883
4500,3.1405863761901855,0.243804931640625
4900,4.403343200683594,0.36615562438964844
5300,2.3209023475646973,0.34968090057373047
5700,1.9001445770263672,0.7608654499053955
6100,2.0818722248077393,0.41278767585754395
6500,1.077646255493164,0.22415590286254883
6900,2.4782958030700684,0.4372122287750244
7300,1.7485783100128174,0.47310566902160645
7700,4.519709348678589,0.48840904235839844
8100,7.099797010421753,0.4972646236419678
8500,4.557175159454346,1.1806087493896484
8900,1.8465394973754883,0.906627893447876
9300,4.066941976547241,0.6102685928344727
9700,1.9653196334838867,0.6477141380310059
10100,4.846634864807129,0.6893315315246582
10500,3.4827592372894287,0.7038853168487549
10900,4.548187017440796,0.4097111225128174
11300,4.51183295249939,0.6654393672943115
11700,5.83056902885437,1.4066493511199951
12100,9.60452127456665,0.8067734241485596
12500,6.374601602554321,1.4603667259216309
12900,7.747236728668213,0.8903067111968994
13300,7.151139259338379,1.5866599082946777
13700,5.247668981552124,0.7381260395050049
14100,4.4186766147613525,1.5414249897003174
14500,8.97899842262268,2.062018394470215
14900,3.284592866897583,0.8642683029174805
