100,0.07350516319274902,0.006053447723388672
500,0.14258646965026855,0.028881072998046875
900,0.5922250747680664,0.05331730842590332
1300,0.9080715179443359,0.06714677810668945
1700,0.3745417594909668,0.08895683288574219
2100,0.2968168258666992,0.11586785316467285
2500,1.4897449016571045,0.15468049049377441
2900,2.5714006423950195,0.18355131149291992
3300,1.4934468269348145,0.18340301513671875
3700,1.267106056213379,0.23432636260986328
4100,0.7723517417907715,0.2726259231567383
4500,3.159083604812622,0.28955554962158203
4900,3.769646406173706,0.31843113899230957
5300,2.550997018814087,0.34063243865966797
5700,3.0204176902770996,0.387448787689209
6100,6.356541395187378,0.4022026062011719
6500,1.9175493717193604,0.5317654609680176
6900,1.4359769821166992,0.23442435264587402
7300,0.8212795257568359,0.34244298934936523
7700,2.501065254211426,0.2694356441497803
8100,2.8833158016204834,0.2894594669342041
8500,3.4513540267944336,1.0919671058654785
8900,3.3555872440338135,0.411149263381958
9300,2.6670005321502686,0.5635471343994141
9700,5.829917669296265,0.6600308418273926
10100,4.877107620239258,0.6742346286773682
10500,4.206395149230957,2.11276912689209
10900,2.1360161304473877,0.42626428604125977
11300,2.912649393081665,1.5343303680419922
11700,4.368053436279297,0.4625680446624756
12100,2.6408004760742188,0.43068408966064453
12500,6.225648641586304,0.8406462669372559
12900,3.369734287261963,0.9607033729553223
13300,3.4226436614990234,1.4733588695526123
13700,6.1097893714904785,3.352783441543579
14100,6.138845920562744,1.8370602130889893
14500,16.79120945930481,2.821833610534668
14900,10.01151180267334,0.9565255641937256
