100,0.019534826278686523,0.006108760833740234
500,0.38482093811035156,0.029593706130981445
900,0.6977322101593018,0.05254197120666504
1300,0.6814110279083252,0.07405781745910645
1700,0.5830273628234863,0.10431170463562012
2100,0.7986714839935303,0.1297595500946045
2500,1.1867752075195312,0.16376161575317383
2900,1.5048136711120605,0.18015289306640625
3300,1.5958821773529053,0.2010810375213623
3700,2.0849766731262207,0.12247395515441895
4100,0.7014548778533936,0.13895082473754883
4500,0.915771484375,0.17537927627563477
4900,0.971226692199707,0.16485333442687988
5300,5.595547914505005,0.3455064296722412
5700,0.8482961654663086,0.18711423873901367
6100,0.8122994899749756,0.20536589622497559
6500,2.7808775901794434,0.6019232273101807
6900,1.8027985095977783,0.6016943454742432
7300,3.0464491844177246,0.24066519737243652
7700,1.6800472736358643,0.26344943046569824
8100,1.9164159297943115,0.28231334686279297
8500,2.290234327316284,0.30440688133239746
8900,1.6418044567108154,0.5329413414001465
9300,4.9669036865234375,0.3427422046661377
9700,3.630354642868042,0.3339700698852539
10100,1.7318968772888184,0.3525094985961914
10500,3.0238969326019287,0.5876343250274658
10900,4.725690603256226,0.4064602851867676
11300,3.741166591644287,0.4211757183074951
11700,1.4042141437530518,0.4198026657104492
12100,1.8545191287994385,1.5998334884643555
12500,5.979755878448486,0.45219945907592773
12900,2.4888744354248047,1.5617928504943848
13300,4.874925374984741,0.8945248126983643
13700,7.5623345375061035,0.9045064449310303
14100,3.5841591358184814,0.7597332000732422
14500,10.931240558624268,1.137953519821167
14900,7.71026349067688,0.9660885334014893
