100,0.07111501693725586,0.006119251251220703
500,0.24804234504699707,0.029001951217651367
900,0.2831308841705322,0.05131697654724121
1300,0.8488094806671143,0.07968354225158691
1700,0.9067857265472412,0.10174775123596191
2100,0.90517258644104,0.12436819076538086
2500,2.094233512878418,0.15796899795532227
2900,1.08255934715271,0.17912626266479492
3300,1.946540355682373,0.1975085735321045
3700,1.4866960048675537,0.3056371212005615
4100,0.8715808391571045,0.25042104721069336
4500,2.295459270477295,0.2234055995941162
4900,1.2791423797607422,0.1605684757232666
5300,1.9757575988769531,0.32352161407470703
5700,2.372385263442993,0.34546351432800293
6100,2.738029718399048,0.3970003128051758
6500,2.7672054767608643,0.41190385818481445
6900,3.7121920585632324,0.42659735679626465
7300,2.300610065460205,0.4567852020263672
7700,2.073643207550049,0.49834513664245605
8100,4.084296464920044,0.5227620601654053
8500,3.1489052772521973,0.5650639533996582
8900,4.7221150398254395,0.5859248638153076
9300,5.464739799499512,0.6123602390289307
9700,5.107315540313721,0.6363790035247803
10100,4.97490668296814,0.655914306640625
10500,5.723267555236816,0.6894705295562744
10900,3.840686559677124,0.6793222427368164
11300,4.005483865737915,1.4584851264953613
11700,6.091796398162842,0.7530331611633301
12100,5.9621312618255615,0.8084735870361328
12500,5.811839818954468,0.8400366306304932
12900,5.799103260040283,3.208841323852539
13300,10.27925992012024,0.8787038326263428
13700,6.592584609985352,0.49714064598083496
14100,4.977368116378784,1.066232681274414
14500,5.657272577285767,0.9802122116088867
14900,2.2158501148223877,2.288709878921509
