100,0.03397321701049805,0.006014347076416016
500,0.16137409210205078,0.031470298767089844
900,0.49572038650512695,0.05287909507751465
1300,0.786491870880127,0.07966971397399902
1700,0.4824204444885254,0.09320783615112305
2100,1.467869758605957,0.12726354598999023
2500,1.118544340133667,0.15915203094482422
2900,0.8315284252166748,0.17138075828552246
3300,2.003206968307495,0.19426250457763672
3700,1.749725341796875,0.28206944465637207
4100,2.395336151123047,0.26937222480773926
4500,3.7275545597076416,0.2874929904937744
4900,2.2000999450683594,0.3073158264160156
5300,1.6913979053497314,0.3457820415496826
5700,4.593411445617676,0.3765988349914551
6100,3.711679458618164,0.5889570713043213
6500,1.5880537033081055,0.6715030670166016
6900,2.486954689025879,0.41770315170288086
7300,5.6450817584991455,0.5281276702880859
7700,3.024751901626587,0.519413948059082
8100,4.649130344390869,0.5644409656524658
8500,5.404623031616211,0.5564875602722168
8900,5.98713231086731,1.1750578880310059
9300,5.163784980773926,1.4345722198486328
9700,5.899019956588745,1.4568908214569092
10100,7.06502628326416,0.6743879318237305
10500,7.1306374073028564,0.7091586589813232
10900,5.806023120880127,0.5838830471038818
11300,5.865730047225952,0.7349405288696289
11700,4.091418743133545,0.7606549263000488
12100,3.2250311374664307,0.4253804683685303
12500,2.1536622047424316,0.4487895965576172
12900,3.0346999168395996,0.4534900188446045
13300,4.733905076980591,0.5060348510742188
13700,0.954500675201416,1.1078486442565918
14100,5.377705097198486,0.7088305950164795
14500,1.2188103199005127,1.8892552852630615
14900,4.264861106872559,0.9678492546081543
