100,0.061550140380859375,0.005967378616333008
500,0.28255414962768555,0.029694795608520508
900,0.4281504154205322,0.05527949333190918
1300,1.038644552230835,0.07816505432128906
1700,0.7055108547210693,0.10491108894348145
2100,0.9620885848999023,0.13373446464538574
2500,0.9832193851470947,0.17915582656860352
2900,1.4664454460144043,0.22249960899353027
3300,1.383195161819458,0.20044875144958496
3700,0.9194076061248779,0.33959126472473145
4100,0.7307043075561523,0.2703258991241455
4500,2.4692282676696777,0.28983283042907715
4900,2.340261697769165,0.3156545162200928
5300,3.5860400199890137,0.30812644958496094
5700,2.247100591659546,0.7269420623779297
6100,2.5812950134277344,0.3941822052001953
6500,4.09235954284668,0.913367509841919
6900,2.7529635429382324,0.4451758861541748
7300,3.6717593669891357,0.4632434844970703
7700,3.4845898151397705,0.5025665760040283
8100,6.435997247695923,0.5486640930175781
8500,3.9010519981384277,0.334195613861084
8900,0.9679522514343262,0.32141828536987305
9300,2.992370843887329,0.59869384765625
9700,2.124957799911499,0.3456392288208008
10100,2.5890052318573,0.9886784553527832
10500,2.664515495300293,0.3825676441192627
10900,1.8351631164550781,0.39833545684814453
11300,2.849365472793579,1.276456594467163
11700,2.9015355110168457,0.4632143974304199
12100,3.075871467590332,0.4395773410797119
12500,0.8529815673828125,0.45398473739624023
12900,3.4211151599884033,0.4660782814025879
13300,2.584848165512085,1.7009904384613037
13700,3.712226152420044,0.4921896457672119
14100,11.075586318969727,0.9548234939575195
14500,12.292722225189209,2.8055474758148193
14900,13.181528806686401,1.030764102935791
