100,0.03747725486755371,0.006232500076293945
500,0.3262491226196289,0.029555082321166992
900,0.6462812423706055,0.0584864616394043
1300,0.864687442779541,0.08018779754638672
1700,0.6690542697906494,0.10365676879882812
2100,1.0874876976013184,0.17105722427368164
2500,2.198415994644165,0.1607978343963623
2900,1.4746050834655762,0.24383854866027832
3300,1.4719157218933105,0.21237683296203613
3700,1.7275314331054688,0.23893213272094727
4100,1.1313426494598389,0.2698328495025635
4500,1.2001025676727295,0.2141404151916504
4900,0.8085706233978271,0.5227329730987549
5300,1.4383280277252197,0.5245530605316162
5700,2.0792977809906006,0.6226694583892822
6100,1.8442528247833252,0.4012129306793213
6500,1.8359501361846924,0.42403340339660645
6900,3.3253555297851562,0.4503190517425537
7300,3.023362398147583,0.47739076614379883
7700,1.9245750904083252,0.4159679412841797
8100,4.536973714828491,0.5094232559204102
8500,3.567819833755493,0.47776293754577637
8900,3.4361746311187744,0.49523305892944336
9300,2.4146108627319336,0.6095538139343262
9700,2.377467393875122,0.6342852115631104
10100,4.566439390182495,0.5042469501495361
10500,1.5469090938568115,1.8304502964019775
10900,5.3986053466796875,1.0901813507080078
11300,1.5116872787475586,1.3828837871551514
11700,5.576760292053223,0.43144726753234863
12100,2.066678524017334,0.7068080902099609
12500,6.102936744689941,1.384066104888916
12900,4.377823114395142,0.8374695777893066
13300,4.93818736076355,0.8364608287811279
13700,7.997858047485352,0.8768324851989746
14100,7.472271680831909,0.9479174613952637
14500,3.836469888687134,0.9697508811950684
14900,7.122138500213623,1.7444636821746826
