100,0.06298303604125977,0.0059833526611328125
500,0.08369874954223633,0.029682397842407227
900,0.20966315269470215,0.0536801815032959
1300,0.3379364013671875,0.0734858512878418
1700,1.2085685729980469,0.12498235702514648
2100,0.5666000843048096,0.12733244895935059
2500,1.3225231170654297,0.18031620979309082
2900,1.218360424041748,0.21628236770629883
3300,1.6558396816253662,0.20312714576721191
3700,0.6565325260162354,0.23323798179626465
4100,0.6056039333343506,0.3649914264678955
4500,1.6083471775054932,0.29630231857299805
4900,3.533693790435791,0.30393457412719727
5300,2.082855463027954,0.5715854167938232
5700,4.28639554977417,0.8327286243438721
6100,2.9308063983917236,0.4147062301635742
6500,2.8597958087921143,0.5744583606719971
6900,4.708462715148926,0.44205236434936523
7300,4.584040641784668,0.6520617008209229
7700,3.869028091430664,0.48456621170043945
8100,6.5530054569244385,0.5151932239532471
8500,2.6198787689208984,0.5281615257263184
8900,3.0613062381744385,0.6049458980560303
9300,4.180957078933716,0.6086742877960205
9700,4.627451658248901,1.4354360103607178
10100,5.64876389503479,0.6510565280914307
10500,2.0851495265960693,0.6333701610565186
10900,7.846730709075928,0.7195467948913574
11300,2.7790796756744385,0.7438313961029053
11700,4.490046262741089,0.7512285709381104
12100,2.711993455886841,0.8093249797821045
12500,10.716811656951904,1.495945930480957
12900,12.521372079849243,2.742661476135254
13300,15.72258710861206,0.5608501434326172
13700,3.0348222255706787,0.5253129005432129
14100,1.725879192352295,0.5155515670776367
14500,2.9976696968078613,2.403831720352173
14900,5.111359596252441,1.7853713035583496
