100,0.03426551818847656,0.0064084529876708984
500,0.14720749855041504,0.02985358238220215
900,0.1841268539428711,0.06237220764160156
1300,1.1863658428192139,0.10194277763366699
1700,1.1809353828430176,0.05025529861450195
2100,0.9665043354034424,0.06524181365966797
2500,0.8313109874725342,0.07956671714782715
2900,1.3575561046600342,0.1304490566253662
3300,0.7579562664031982,0.20690059661865234
3700,0.6574463844299316,0.23597455024719238
4100,2.862332344055176,0.1362001895904541
4500,1.0430219173431396,0.27915167808532715
4900,0.5780010223388672,0.36325621604919434
5300,1.457352876663208,0.3035857677459717
5700,3.4650402069091797,0.7457878589630127
6100,3.811021327972412,0.39209532737731934
6500,1.282351016998291,0.5502126216888428
6900,3.5688347816467285,0.45137691497802734
7300,4.117610454559326,0.24542927742004395
7700,2.964641571044922,0.6491928100585938
8100,3.5496878623962402,0.520388126373291
8500,2.744213581085205,0.290616512298584
8900,2.442572832107544,0.5719590187072754
9300,4.114683151245117,0.4064202308654785
9700,5.366115570068359,1.0727834701538086
10100,3.763042688369751,1.2549092769622803
10500,6.844488620758057,0.6800923347473145
10900,4.512978553771973,0.7236714363098145
11300,8.797447919845581,0.39998936653137207
11700,6.021111249923706,0.42995214462280273
12100,5.856280565261841,0.8156008720397949
12500,7.6198647022247314,0.45973682403564453
12900,5.090818881988525,1.5105011463165283
13300,5.630372762680054,0.8859274387359619
13700,3.291447401046753,0.9383988380432129
14100,3.1323702335357666,0.4868643283843994
14500,3.4900104999542236,0.5212218761444092
14900,2.148348808288574,1.9443678855895996
