100,0.03699755668640137,0.006030559539794922
500,0.1470177173614502,0.032614946365356445
900,0.3846626281738281,0.05396389961242676
1300,0.8930089473724365,0.04872012138366699
1700,0.567467451095581,0.07807588577270508
2100,0.22724390029907227,0.06456851959228516
2500,0.15937018394470215,0.1238856315612793
2900,0.8535802364349365,0.18233704566955566
3300,1.4243409633636475,0.19865918159484863
3700,2.4640326499938965,0.12355828285217285
4100,0.8998067378997803,0.33876514434814453
4500,1.5154943466186523,0.2837257385253906
4900,4.08363151550293,0.3136107921600342
5300,2.3723325729370117,0.33594417572021484
5700,3.661457061767578,0.1974349021911621
6100,1.2894492149353027,0.3985273838043213
6500,2.393543243408203,0.4128539562225342
6900,4.659641981124878,0.3261702060699463
7300,1.2186801433563232,0.6836624145507812
7700,3.471477508544922,0.25695300102233887
8100,1.188490390777588,0.2823145389556885
8500,5.026553153991699,0.8537065982818604
8900,1.9365887641906738,0.3129901885986328
9300,4.921908378601074,1.6563127040863037
9700,2.720581531524658,1.2572765350341797
10100,2.732123613357544,0.44847559928894043
10500,4.274549245834351,0.945753812789917
10900,2.2888433933258057,1.6760919094085693
11300,2.924517869949341,0.8777413368225098
11700,4.572739839553833,0.7339811325073242
12100,1.8380393981933594,0.42304229736328125
12500,5.417873859405518,0.7326169013977051
12900,3.9965667724609375,0.47335076332092285
13300,2.7756507396698,0.8719596862792969
13700,6.793203353881836,0.5807063579559326
14100,2.548821449279785,0.5171048641204834
14500,10.715394258499146,0.9598205089569092
14900,6.068748950958252,2.053011178970337
