100,0.04880166053771973,0.006158590316772461
500,0.1938915252685547,0.031015396118164062
900,0.548088550567627,0.05846118927001953
1300,0.4409043788909912,0.0770108699798584
1700,0.9580457210540771,0.11965465545654297
2100,1.6090960502624512,0.12961411476135254
2500,1.3537230491638184,0.18317770957946777
2900,1.2664213180541992,0.28485655784606934
3300,1.410369634628296,0.2132120132446289
3700,1.1799697875976562,0.2321174144744873
4100,1.287421464920044,0.25485754013061523
4500,1.0090453624725342,0.3883523941040039
4900,2.666297197341919,0.3175697326660156
5300,1.0137231349945068,0.19098615646362305
5700,1.933955430984497,0.378314733505249
6100,4.295960187911987,0.4008350372314453
6500,2.4799270629882812,0.41214609146118164
6900,2.253068685531616,0.44771289825439453
7300,2.605820894241333,0.4430227279663086
7700,3.7163469791412354,0.9068953990936279
8100,3.7086338996887207,0.5270073413848877
8500,5.121926546096802,0.30239129066467285
8900,2.79386043548584,0.31638455390930176
9300,4.32838249206543,0.5935084819793701
9700,7.977971315383911,0.6482608318328857
10100,6.7754411697387695,0.6467592716217041
10500,8.163718938827515,1.4951231479644775
10900,4.2662835121154785,0.7097744941711426
11300,7.933551073074341,0.4192330837249756
11700,5.05614161491394,0.7813088893890381
12100,5.0205371379852295,1.0006837844848633
12500,8.708464860916138,0.8406116962432861
12900,6.109412431716919,0.49860644340515137
13300,7.478992700576782,0.8787975311279297
13700,6.413669109344482,0.5135092735290527
14100,7.093754053115845,1.9442110061645508
14500,3.278453826904297,1.452765703201294
14900,6.738473892211914,2.3551905155181885
