100,0.027921438217163086,0.0032296180725097656
500,0.06373023986816406,0.016793251037597656
900,0.1360006332397461,0.02791428565979004
1300,0.40255069732666016,0.039270877838134766
1700,0.23449420928955078,0.06930685043334961
2100,0.2549293041229248,0.09276175498962402
2500,0.5602352619171143,0.08125185966491699
2900,0.3738272190093994,0.0935664176940918
3300,0.48566532135009766,0.10989189147949219
3700,1.7775039672851562,0.12161898612976074
4100,0.5924971103668213,0.12611675262451172
4500,1.0650391578674316,0.17561936378479004
4900,0.45839929580688477,0.16524291038513184
5300,1.6889150142669678,0.17969655990600586
5700,3.7872838973999023,0.27619361877441406
6100,2.1580724716186523,0.7391283512115479
6500,4.9700727462768555,0.22264337539672852
6900,0.7340469360351562,0.2363295555114746
7300,2.926462173461914,0.4761962890625
7700,3.3822073936462402,0.500023365020752
8100,2.8599495887756348,0.5048713684082031
8500,2.1696057319641113,1.4033417701721191
8900,6.356610059738159,1.219740629196167
9300,4.422361850738525,0.9148192405700684
9700,3.4755144119262695,1.5718715190887451
10100,3.4025073051452637,1.5707919597625732
10500,6.297650575637817,0.663623571395874
10900,5.158588171005249,0.7228274345397949
11300,3.5114731788635254,0.9948625564575195
11700,2.5263099670410156,0.42751526832580566
12100,3.9713261127471924,0.4450666904449463
12500,3.0689008235931396,0.44280385971069336
12900,4.588606357574463,2.558619499206543
13300,2.3790383338928223,0.8648364543914795
13700,3.1204378604888916,0.48075389862060547
14100,1.4914629459381104,0.532785177230835
14500,2.740025281906128,0.5270411968231201
14900,1.5010287761688232,0.539323091506958
