100,0.05759882926940918,0.007437229156494141
500,0.48533129692077637,0.02965235710144043
900,0.9516398906707764,0.05324101448059082
1300,0.7051701545715332,0.0781710147857666
1700,0.5976252555847168,0.1282343864440918
2100,0.7566637992858887,0.12755799293518066
2500,2.2827670574188232,0.16677093505859375
2900,2.0848841667175293,0.1793057918548584
3300,0.9009780883789062,0.18559908866882324
3700,0.6987860202789307,0.11414933204650879
4100,0.9694187641143799,0.13849878311157227
4500,1.1305627822875977,0.1503150463104248
4900,2.5597238540649414,0.1693723201751709
5300,1.81721830368042,0.18166637420654297
5700,0.5767838954925537,0.3774378299713135
6100,1.111504077911377,0.19100475311279297
6500,1.8470382690429688,0.21971416473388672
6900,3.2704718112945557,0.3607618808746338
7300,1.7789826393127441,0.48894381523132324
7700,2.1765129566192627,0.5018694400787354
8100,1.0047497749328613,0.544259786605835
8500,3.9108030796051025,0.5622661113739014
8900,5.233644485473633,0.5869162082672119
9300,2.997653007507324,0.6206307411193848
9700,5.734081745147705,1.0293655395507812
10100,3.5526278018951416,0.6608929634094238
10500,4.321574687957764,0.710789680480957
10900,3.665398359298706,0.7368001937866211
11300,4.883049249649048,0.3974771499633789
11700,4.0784828662872314,0.4188876152038574
12100,5.6639368534088135,0.8087081909179688
12500,3.376512050628662,0.4465000629425049
12900,2.223663330078125,0.5551059246063232
13300,2.8445065021514893,0.4894897937774658
13700,4.295562267303467,2.929783821105957
14100,2.4583516120910645,0.9919979572296143
14500,6.7119460105896,0.9287323951721191
14900,6.453491449356079,0.9414079189300537
