100,0.040798187255859375,0.00620269775390625
500,0.17986059188842773,0.030862808227539062
900,0.2959737777709961,0.05419325828552246
1300,0.3755660057067871,0.09212827682495117
1700,1.119295358657837,0.10945725440979004
2100,0.5883514881134033,0.19575977325439453
2500,1.2299489974975586,0.1529853343963623
2900,1.1979150772094727,0.22928428649902344
3300,1.260430097579956,0.19657611846923828
3700,1.734783411026001,0.28534913063049316
4100,2.5809247493743896,0.26503801345825195
4500,3.4737775325775146,0.3459038734436035
4900,3.812160015106201,0.324932336807251
5300,3.6027750968933105,0.3501300811767578
5700,1.995110273361206,0.19218111038208008
6100,1.2432196140289307,0.24484705924987793
6500,1.7133982181549072,0.22197175025939941
6900,1.9888312816619873,0.2428572177886963
7300,1.3803684711456299,0.4774947166442871
7700,2.013207197189331,0.2693138122558594
8100,0.6778194904327393,0.7533316612243652
8500,3.26946759223938,0.3117389678955078
8900,1.9692153930664062,0.9345376491546631
9300,4.859540939331055,0.6329777240753174
9700,3.356642246246338,0.3647432327270508
10100,2.4687891006469727,0.8542230129241943
10500,1.9376888275146484,0.38809847831726074
10900,3.742157459259033,0.3840649127960205
11300,2.8373286724090576,0.4139223098754883
11700,2.3747894763946533,0.41623616218566895
12100,2.7577195167541504,0.7912406921386719
12500,6.472395658493042,0.8281135559082031
12900,9.109800338745117,0.8611960411071777
13300,7.4097936153411865,0.8958835601806641
13700,11.196589469909668,0.8976571559906006
14100,5.962035655975342,0.9019722938537598
14500,4.887468099594116,0.5201284885406494
14900,6.688131332397461,0.5260229110717773
