100,0.0162966251373291,0.0032143592834472656
500,0.07349419593811035,0.016858339309692383
900,0.3819408416748047,0.027632713317871094
1300,0.31461071968078613,0.053247928619384766
1700,0.22292828559875488,0.05467081069946289
2100,0.7835288047790527,0.07160806655883789
2500,0.2783982753753662,0.08361053466796875
2900,1.1808807849884033,0.13152217864990234
3300,1.083066701889038,0.10889363288879395
3700,1.1278386116027832,0.1213235855102539
4100,1.7034249305725098,0.43822789192199707
4500,3.167738676071167,0.47106480598449707
4900,3.3263373374938965,0.3136179447174072
5300,2.687844753265381,0.3369624614715576
5700,4.809468030929565,0.34096527099609375
6100,3.0965521335601807,0.3835146427154541
6500,1.2511589527130127,0.42437171936035156
6900,6.678290605545044,0.4064910411834717
7300,2.841104745864868,0.46623897552490234
7700,6.92735481262207,0.8107781410217285
8100,2.614816427230835,0.5258114337921143
8500,2.1952600479125977,0.5727148056030273
8900,1.3181896209716797,0.3133211135864258
9300,2.162132501602173,0.33657193183898926
9700,1.8444786071777344,0.3624587059020996
10100,1.363983154296875,1.042914867401123
10500,2.1610026359558105,0.35997653007507324
10900,5.346186399459839,1.3171944618225098
11300,8.119515657424927,0.40096259117126465
11700,5.57921576499939,1.9003162384033203
12100,4.6080944538116455,0.7909183502197266
12500,6.737766742706299,1.0432624816894531
12900,5.297157526016235,1.4187726974487305
13300,5.0232625007629395,2.5698609352111816
13700,8.989334106445312,0.9090077877044678
14100,5.518243789672852,0.5085201263427734
14500,3.543844223022461,1.7913320064544678
14900,10.766242980957031,2.4413561820983887
