100,0.08191275596618652,0.006119728088378906
500,0.18407893180847168,0.02978682518005371
900,0.29987645149230957,0.05357074737548828
1300,1.028794765472412,0.09023237228393555
1700,0.8638303279876709,0.09049391746520996
2100,0.9033606052398682,0.10865163803100586
2500,0.6164062023162842,0.16254210472106934
2900,1.4515788555145264,0.1448228359222412
3300,0.2850217819213867,0.10629558563232422
3700,0.9117200374603271,0.12543416023254395
4100,1.0039892196655273,0.31180238723754883
4500,2.4610462188720703,0.27570152282714844
4900,4.2072978019714355,0.4789118766784668
5300,4.132612228393555,0.3446485996246338
5700,5.516271114349365,0.3727128505706787
6100,3.785914182662964,0.4056098461151123
6500,4.7067694664001465,0.403914213180542
6900,2.7604148387908936,1.0075294971466064
7300,2.7716152667999268,0.46318578720092773
7700,3.034201145172119,0.4790644645690918
8100,4.6636998653411865,0.9258136749267578
8500,4.601367473602295,0.738532543182373
8900,4.771902561187744,0.5830509662628174
9300,6.093213796615601,1.527601957321167
9700,2.8049676418304443,0.3822944164276123
10100,2.0120139122009277,0.5577926635742188
10500,4.240428686141968,0.6617248058319092
10900,2.2720675468444824,1.0298116207122803
11300,6.048468589782715,0.7763652801513672
11700,7.919533967971802,1.0969712734222412
12100,19.201847314834595,1.1453654766082764
12500,9.917272806167603,0.7982399463653564
12900,4.915703058242798,0.8399536609649658
13300,5.3165669441223145,0.47007274627685547
13700,3.8158416748046875,0.4987301826477051
14100,3.4625179767608643,0.531097412109375
14500,3.151988983154297,0.49118804931640625
14900,4.030951261520386,0.5341784954071045
