100,0.05945467948913574,0.006032228469848633
500,0.1750497817993164,0.032149314880371094
900,0.3604393005371094,0.054112911224365234
1300,0.4453432559967041,0.07685232162475586
1700,0.9280328750610352,0.1205132007598877
2100,1.653435230255127,0.19352197647094727
2500,0.460526704788208,0.14774298667907715
2900,1.4078996181488037,0.18656086921691895
3300,1.9775378704071045,0.2531704902648926
3700,1.9535024166107178,0.23188042640686035
4100,3.146345376968384,0.2562887668609619
4500,0.8744611740112305,0.3969879150390625
4900,2.833280324935913,0.33159422874450684
5300,1.7907629013061523,0.346954345703125
5700,3.4384262561798096,0.6450197696685791
6100,1.526581048965454,0.39305615425109863
6500,2.783590078353882,0.3785834312438965
6900,3.0738370418548584,0.43973612785339355
7300,1.7667930126190186,0.4651682376861572
7700,3.1947224140167236,1.2322616577148438
8100,4.640204668045044,0.5402045249938965
8500,3.737954616546631,0.56752610206604
8900,6.709388017654419,0.5800509452819824
9300,5.096284866333008,0.5978372097015381
9700,7.783865690231323,0.6329143047332764
10100,2.217717409133911,1.331343650817871
10500,9.685523748397827,0.7151460647583008
10900,3.9452033042907715,0.6938138008117676
11300,4.63783073425293,0.41066622734069824
11700,1.7687137126922607,0.7393183708190918
12100,3.7665481567382812,1.4026598930358887
12500,3.067160129547119,0.8403856754302979
12900,7.388276815414429,0.843900203704834
13300,9.77542233467102,0.8412103652954102
13700,7.191321611404419,0.9306437969207764
14100,3.872403144836426,0.9489445686340332
14500,10.912713050842285,0.983400821685791
14900,6.34860897064209,2.393087863922119
