100,0.012999534606933594,0.0060882568359375
500,0.10625648498535156,0.034516096115112305
900,0.3925766944885254,0.06148076057434082
1300,0.6026227474212646,0.07397890090942383
1700,0.7579765319824219,0.10855865478515625
2100,1.6372511386871338,0.1360642910003662
2500,1.1236066818237305,0.24173545837402344
2900,1.4657659530639648,0.1806168556213379
3300,1.3935117721557617,0.19940543174743652
3700,1.617969036102295,0.23967719078063965
4100,2.2334656715393066,0.26577329635620117
4500,2.9319186210632324,0.2906935214996338
4900,4.18814754486084,0.32475733757019043
5300,2.9500832557678223,0.33861565589904785
5700,2.678258180618286,0.35690951347351074
6100,2.2689385414123535,0.7384223937988281
6500,3.8142335414886475,0.4142172336578369
6900,2.7035651206970215,0.8694784641265869
7300,2.107447862625122,0.40613317489624023
7700,2.9740052223205566,0.49767303466796875
8100,5.111092805862427,0.5353553295135498
8500,4.656158685684204,0.6972053050994873
8900,7.198644638061523,0.5803534984588623
9300,6.412559986114502,0.6217718124389648
9700,8.166921138763428,0.6423485279083252
10100,8.926413297653198,1.7886090278625488
10500,7.129467487335205,0.6289050579071045
10900,7.837390422821045,0.6400387287139893
11300,8.894131183624268,2.3811752796173096
11700,11.01624345779419,0.7397730350494385
12100,5.096873044967651,0.812838077545166
12500,6.049015283584595,0.8289239406585693
12900,5.833218336105347,3.055311441421509
13300,5.77472448348999,0.8604450225830078
13700,4.884261846542358,0.8070809841156006
14100,3.9522879123687744,0.9196555614471436
14500,2.7168924808502197,0.9578893184661865
14900,15.521910667419434,1.8399381637573242
