100,0.035352468490600586,0.006132364273071289
500,0.35254859924316406,0.031586647033691406
900,0.7735261917114258,0.0556032657623291
1300,0.8007702827453613,0.07854700088500977
1700,0.9911091327667236,0.1218423843383789
2100,0.5318210124969482,0.18939423561096191
2500,1.4898707866668701,0.15893173217773438
2900,1.5581786632537842,0.17455554008483887
3300,0.9876782894134521,0.20730972290039062
3700,2.210540771484375,0.23280644416809082
4100,2.3033454418182373,0.24894976615905762
4500,3.7462527751922607,0.32279181480407715
4900,2.4885458946228027,0.31946635246276855
5300,1.9032104015350342,0.33159637451171875
5700,2.0068376064300537,0.3675422668457031
6100,1.028486967086792,0.3963618278503418
6500,5.599897146224976,0.4149355888366699
6900,1.5656886100769043,0.4425177574157715
7300,2.877445936203003,1.0696539878845215
7700,4.842208623886108,0.5178952217102051
8100,4.051999807357788,0.5317411422729492
8500,4.802492141723633,0.896040678024292
8900,4.6009299755096436,0.3307173252105713
9300,4.56317925453186,0.39516162872314453
9700,2.2987499237060547,0.3456563949584961
10100,5.713494777679443,0.3706173896789551
10500,7.080707550048828,0.6666901111602783
10900,3.799394130706787,0.7114357948303223
11300,6.027021646499634,0.7515523433685303
11700,3.5516116619110107,0.7707498073577881
12100,3.578835964202881,0.8933699131011963
12500,5.797996520996094,0.660010576248169
12900,4.770619869232178,0.8343219757080078
13300,6.145719528198242,0.888113260269165
13700,9.902217149734497,0.8901393413543701
14100,7.247529983520508,0.8144872188568115
14500,8.63563871383667,1.774259328842163
14900,9.137589454650879,1.0137648582458496
