100,0.08319616317749023,0.0061113834381103516
500,0.26244592666625977,0.029876232147216797
900,0.3683199882507324,0.050829410552978516
1300,0.6880874633789062,0.09838151931762695
1700,0.7854766845703125,0.10370731353759766
2100,0.44202327728271484,0.12938427925109863
2500,1.5377039909362793,0.1820847988128662
2900,1.3319480419158936,0.18661236763000488
3300,3.070389747619629,0.2908337116241455
3700,1.0148108005523682,0.2417011260986328
4100,2.6003928184509277,0.2619469165802002
4500,1.793632984161377,0.15227246284484863
4900,2.2203872203826904,0.31791138648986816
5300,2.302616596221924,0.34923553466796875
5700,2.0663034915924072,0.42658376693725586
6100,4.139851093292236,0.40624427795410156
6500,3.2407031059265137,0.41230201721191406
6900,5.3548314571380615,0.8251137733459473
7300,2.790876865386963,0.48774123191833496
7700,2.4542078971862793,0.4871654510498047
8100,3.3587777614593506,0.5297658443450928
8500,1.5162382125854492,0.565920352935791
8900,6.959110260009766,0.594937801361084
9300,6.294264316558838,1.102524995803833
9700,5.873854637145996,0.34016942977905273
10100,7.580177307128906,1.1104404926300049
10500,10.755987405776978,0.694587230682373
10900,6.837604522705078,1.7822251319885254
11300,5.658889532089233,0.40042996406555176
11700,2.408017873764038,0.9684367179870605
12100,3.588583469390869,0.44112181663513184
12500,5.083473443984985,0.4574301242828369
12900,2.969297409057617,0.46866273880004883
13300,4.190245628356934,0.508704423904419
13700,6.57901930809021,0.5016078948974609
14100,6.082301139831543,0.9632723331451416
14500,4.309021234512329,1.6696197986602783
14900,6.504203796386719,0.6595742702484131
