100,0.049701690673828125,0.0059413909912109375
500,0.16392016410827637,0.018105030059814453
900,0.18956518173217773,0.0331425666809082
1300,0.17802023887634277,0.04896068572998047
1700,0.18724799156188965,0.05667829513549805
2100,0.4796285629272461,0.12103962898254395
2500,0.7246060371398926,0.15614938735961914
2900,2.654733180999756,0.16777777671813965
3300,1.3050124645233154,0.2975642681121826
3700,2.045949697494507,0.2616465091705322
4100,2.390995740890503,0.31443333625793457
4500,1.9576342105865479,0.2897782325744629
4900,1.5882978439331055,0.2989945411682129
5300,2.5954108238220215,0.566676139831543
5700,3.732504367828369,0.36318159103393555
6100,1.4177603721618652,0.39104628562927246
6500,1.5315418243408203,0.41317200660705566
6900,2.8664140701293945,0.2765316963195801
7300,3.9530160427093506,0.2578921318054199
7700,0.7391433715820312,0.4793357849121094
8100,3.5407495498657227,0.5063517093658447
8500,3.2748258113861084,0.7619297504425049
8900,4.232632160186768,0.5934205055236816
9300,2.3268582820892334,1.065225601196289
9700,3.536336660385132,0.6623401641845703
10100,8.352723121643066,0.7806613445281982
10500,4.155939340591431,0.6277637481689453
10900,7.699847459793091,1.8727331161499023
11300,7.909883975982666,0.7428007125854492
11700,11.451564311981201,0.6995339393615723
12100,6.160187721252441,0.6988461017608643
12500,5.0087714195251465,0.8313910961151123
12900,8.714152336120605,0.8279252052307129
13300,5.420355558395386,0.8825321197509766
13700,4.565415859222412,1.1165854930877686
14100,7.0864951610565186,3.5350968837738037
14500,10.891709566116333,2.8697938919067383
14900,8.70995283126831,1.0067617893218994
