100,0.03816509246826172,0.006063222885131836
500,0.3569004535675049,0.034928083419799805
900,0.1075894832611084,0.03152585029602051
1300,0.15279483795166016,0.039548635482788086
1700,0.5220835208892822,0.05474734306335449
2100,0.5836997032165527,0.06810307502746582
2500,0.836557149887085,0.08737921714782715
2900,1.2047202587127686,0.09641718864440918
3300,0.17745685577392578,0.13723325729370117
3700,0.5481204986572266,0.11581587791442871
4100,0.9986090660095215,0.1844635009765625
4500,1.2290349006652832,0.142503023147583
4900,0.6524558067321777,0.1701054573059082
5300,3.0018351078033447,0.32885217666625977
5700,4.3954918384552,0.2415025234222412
6100,0.6741232872009277,0.2119584083557129
6500,1.648590087890625,0.2193620204925537
6900,2.3757882118225098,0.4687156677246094
7300,1.7209548950195312,0.5221030712127686
7700,1.8140263557434082,0.43821048736572266
8100,2.232215166091919,0.263552188873291
8500,3.0652167797088623,0.6716465950012207
8900,2.4950244426727295,0.319577693939209
9300,1.356713056564331,0.3375861644744873
9700,1.600344181060791,0.34681034088134766
10100,4.095495700836182,0.37998485565185547
10500,2.9131736755371094,0.60341477394104
10900,5.627711296081543,0.7424612045288086
11300,3.642728567123413,1.3465216159820557
11700,8.76241660118103,0.7944977283477783
12100,4.321285009384155,0.812638521194458
12500,5.326958179473877,2.6850881576538086
12900,6.955820798873901,0.8634438514709473
13300,9.179904222488403,1.2119953632354736
13700,2.7375738620758057,0.907634973526001
14100,5.959149599075317,1.6184132099151611
14500,9.69856572151184,0.9348838329315186
14900,5.826167345046997,0.9574868679046631
