100,0.00977945327758789,0.005609750747680664
500,0.2660703659057617,0.028049945831298828
900,0.1722574234008789,0.05024552345275879
1300,0.8125863075256348,0.08192920684814453
1700,0.9749040603637695,0.1004781723022461
2100,1.567253589630127,0.1335000991821289
2500,0.36516618728637695,0.15535593032836914
2900,1.454726219177246,0.20822596549987793
3300,2.6497135162353516,0.20094060897827148
3700,0.977698802947998,0.23747038841247559
4100,1.3761258125305176,0.2603416442871094
4500,1.9363083839416504,0.2923424243927002
4900,2.404447317123413,0.31531643867492676
5300,2.7596774101257324,0.29889822006225586
5700,2.1573944091796875,0.369220495223999
6100,3.034940719604492,0.7549047470092773
6500,3.6123135089874268,0.22677159309387207
6900,2.6204988956451416,0.3515198230743408
7300,2.0509886741638184,0.2449808120727539
7700,1.5765507221221924,0.24433135986328125
8100,2.587636709213257,0.2793574333190918
8500,6.031491994857788,1.2533116340637207
8900,2.383150100708008,0.5979790687561035
9300,4.6198272705078125,0.5757291316986084
9700,2.1275136470794678,1.3606288433074951
10100,8.29654335975647,0.6680335998535156
10500,7.900147199630737,0.9929306507110596
10900,7.11946439743042,0.7217347621917725
11300,7.695990324020386,0.9012656211853027
11700,4.083753347396851,2.125046491622925
12100,6.668627023696899,0.7779848575592041
12500,8.759198188781738,0.8042998313903809
12900,5.457460165023804,0.8787739276885986
13300,2.5970261096954346,2.6686785221099854
13700,6.837442874908447,0.9169783592224121
14100,7.845755100250244,0.9069621562957764
14500,6.298304080963135,0.9068851470947266
14900,3.4165921211242676,0.5127971172332764
