100,0.02039361000061035,0.0031249523162841797
500,0.15737152099609375,0.015865325927734375
900,0.1385653018951416,0.028921842575073242
1300,0.40439677238464355,0.0791921615600586
1700,0.6442389488220215,0.09589958190917969
2100,0.7428081035614014,0.12442302703857422
2500,0.49725961685180664,0.2210378646850586
2900,1.017850637435913,0.1870439052581787
3300,2.011646032333374,0.21161556243896484
3700,0.8440494537353516,0.2886948585510254
4100,1.613858938217163,0.33145761489868164
4500,1.651298999786377,0.45897340774536133
4900,0.7939682006835938,0.33376479148864746
5300,2.831169366836548,0.34496212005615234
5700,2.9063215255737305,0.5430359840393066
6100,5.263226747512817,0.38124990463256836
6500,1.909233808517456,0.42171740531921387
6900,3.892216205596924,0.41205883026123047
7300,4.367258310317993,0.4847407341003418
7700,3.1666605472564697,0.5122466087341309
8100,3.2069122791290283,0.5443136692047119
8500,5.0704474449157715,0.5409822463989258
8900,3.1190125942230225,0.5987284183502197
9300,3.0639092922210693,0.6213464736938477
9700,3.417180299758911,0.646125316619873
10100,3.5542590618133545,0.6524691581726074
10500,6.5934672355651855,0.6741769313812256
10900,2.3630411624908447,0.7265651226043701
11300,8.607797861099243,0.7226269245147705
11700,4.465633869171143,0.7417788505554199
12100,7.378691911697388,0.8197705745697021
12500,5.520249366760254,0.7788834571838379
12900,2.350393056869507,0.829185962677002
13300,8.415982961654663,0.8723180294036865
13700,9.108262062072754,0.9745087623596191
14100,6.4413628578186035,0.9525885581970215
14500,12.585785627365112,0.9545235633850098
14900,7.837876081466675,0.9982345104217529
