100,0.014772415161132812,0.006316423416137695
500,0.4660933017730713,0.03339838981628418
900,0.18796563148498535,0.02710866928100586
1300,0.2894113063812256,0.03980827331542969
1700,0.434342622756958,0.08772158622741699
2100,1.2521400451660156,0.12421488761901855
2500,0.7526121139526367,0.15120244026184082
2900,3.963285207748413,0.09453487396240234
3300,1.1303067207336426,0.10624933242797852
3700,1.8214385509490967,0.24048304557800293
4100,1.578864574432373,0.15344929695129395
4500,1.898775339126587,0.2794613838195801
4900,1.6352019309997559,0.3161189556121826
5300,3.622088670730591,0.3448910713195801
5700,1.8175616264343262,0.524223804473877
6100,3.025418996810913,0.20388507843017578
6500,2.3654558658599854,0.21738171577453613
6900,4.215147972106934,0.4329500198364258
7300,4.032229661941528,0.47895121574401855
7700,4.1430652141571045,0.4938809871673584
8100,6.6954052448272705,0.5150027275085449
8500,2.2863821983337402,0.5319638252258301
8900,5.058461666107178,0.5895929336547852
9300,1.5781173706054688,0.6082830429077148
9700,8.706917524337769,0.3471097946166992
10100,4.155834197998047,0.6841592788696289
10500,7.486940383911133,1.7134406566619873
10900,4.2138495445251465,0.7553856372833252
11300,8.696853637695312,0.8710422515869141
11700,5.397473573684692,0.7407679557800293
12100,7.628621816635132,0.7158043384552002
12500,7.6166253089904785,0.8452115058898926
12900,6.024991512298584,0.6284646987915039
13300,2.4461703300476074,0.47444748878479004
13700,3.4200637340545654,0.5039973258972168
14100,3.2792773246765137,0.4818542003631592
14500,5.206889390945435,0.4957902431488037
14900,3.520075798034668,1.8204357624053955
