100,0.05465126037597656,0.006041288375854492
500,0.21137475967407227,0.029229402542114258
900,0.7752141952514648,0.05740761756896973
1300,0.6813020706176758,0.08246588706970215
1700,1.7622103691101074,0.10558462142944336
2100,1.3506436347961426,0.09267950057983398
2500,0.6108462810516357,0.09055233001708984
2900,0.3475618362426758,0.09561991691589355
3300,1.1352357864379883,0.15517354011535645
3700,1.5356693267822266,0.11452603340148926
4100,1.060847520828247,0.17900776863098145
4500,1.2757587432861328,0.15268731117248535
4900,1.3367154598236084,0.17189574241638184
5300,1.17149019241333,0.3594179153442383
5700,2.807659387588501,0.3873898983001709
6100,1.777148962020874,0.38613224029541016
6500,5.477993726730347,0.23030900955200195
6900,2.4785778522491455,0.9601209163665771
7300,8.046876430511475,0.3193812370300293
7700,2.1771864891052246,0.26204967498779297
8100,2.9101755619049072,0.2766132354736328
8500,5.312977313995361,0.5223743915557861
8900,6.987658739089966,0.5709161758422852
9300,5.354628324508667,0.6151649951934814
9700,3.3311073780059814,1.0207159519195557
10100,3.8637681007385254,1.3157837390899658
10500,1.2786815166473389,0.3708648681640625
10900,7.607447385787964,0.7079885005950928
11300,2.266989231109619,0.3964061737060547
11700,10.138824939727783,0.7816050052642822
12100,4.93574333190918,0.813727617263794
12500,6.990467309951782,2.333916425704956
12900,7.09306263923645,0.8586864471435547
13300,9.01766300201416,0.4549281597137451
13700,2.9369633197784424,1.8950600624084473
14100,2.8061962127685547,0.7305080890655518
14500,1.8419666290283203,0.9440195560455322
14900,3.528428316116333,0.9470443725585938
