100,0.09444689750671387,0.0061299800872802734
500,0.14261817932128906,0.026833534240722656
900,0.5555343627929688,0.05502724647521973
1300,0.6348452568054199,0.08005237579345703
1700,1.053722858428955,0.1014404296875
2100,1.0529041290283203,0.13127541542053223
2500,0.6543838977813721,0.14567255973815918
2900,0.43639659881591797,0.18274545669555664
3300,0.9943301677703857,0.2702195644378662
3700,2.918480634689331,0.22197961807250977
4100,2.5869994163513184,0.16064786911010742
4500,2.445582389831543,0.3817257881164551
4900,1.6307740211486816,0.315185546875
5300,2.0838735103607178,0.6961216926574707
5700,2.5474026203155518,0.18610668182373047
6100,2.6520912647247314,0.36673402786254883
6500,2.690282106399536,0.6617803573608398
6900,3.935561418533325,0.44890546798706055
7300,2.8742618560791016,0.5737390518188477
7700,4.570522785186768,0.4743680953979492
8100,8.562374591827393,0.5254085063934326
8500,5.653425693511963,0.5629382133483887
8900,4.517260551452637,0.6008598804473877
9300,2.6470730304718018,0.595355749130249
9700,5.289921760559082,0.6521041393280029
10100,4.818990230560303,0.6536273956298828
10500,4.881525039672852,0.6817042827606201
10900,5.215857744216919,0.6436595916748047
11300,7.2633445262908936,0.7598409652709961
11700,8.070898532867432,0.7921352386474609
12100,8.96654486656189,0.7412595748901367
12500,5.384217739105225,0.849062442779541
12900,7.387018442153931,0.45164060592651367
13300,2.820157766342163,1.774003505706787
13700,2.5301506519317627,0.46944570541381836
14100,4.37625527381897,1.358757734298706
14500,3.168781042098999,0.4688863754272461
14900,4.266899585723877,0.8126449584960938
