100,0.04648756980895996,0.006448030471801758
500,0.15183138847351074,0.0316469669342041
900,0.21300840377807617,0.06253576278686523
1300,0.27583932876586914,0.07929563522338867
1700,0.7275276184082031,0.10582256317138672
2100,1.08558988571167,0.13427400588989258
2500,1.0806529521942139,0.1436305046081543
2900,2.204275131225586,0.09405636787414551
3300,1.6598961353302002,0.1681385040283203
3700,0.6773378849029541,0.11465859413146973
4100,2.1682751178741455,0.29231882095336914
4500,2.608389139175415,0.295910120010376
4900,2.595353364944458,0.42172741889953613
5300,3.6188223361968994,0.3360002040863037
5700,1.3681788444519043,0.5711343288421631
6100,3.632664442062378,0.5681569576263428
6500,2.3641600608825684,0.38031506538391113
6900,1.9617407321929932,0.5171411037445068
7300,3.1819846630096436,0.48040199279785156
7700,4.262930631637573,0.5027966499328613
8100,7.0732810497283936,0.5274913311004639
8500,3.061837673187256,0.523594856262207
8900,8.700443267822266,0.5897870063781738
9300,3.3875908851623535,0.6391303539276123
9700,6.891170501708984,0.6331143379211426
10100,6.341787815093994,0.7060577869415283
10500,9.370070219039917,0.6996657848358154
10900,8.086370944976807,1.3774049282073975
11300,4.316063404083252,2.248908519744873
11700,2.2429099082946777,0.7648568153381348
12100,7.160252332687378,0.6836075782775879
12500,8.852714776992798,0.8024983406066895
12900,5.671051979064941,0.85964035987854
13300,6.801091194152832,0.8821475505828857
13700,6.925840854644775,0.9046800136566162
14100,2.2182579040527344,0.5140340328216553
14500,2.280754327774048,0.568659782409668
14900,7.046181678771973,1.0092101097106934
