100,0.06659984588623047,0.006060600280761719
500,0.5198898315429688,0.031050443649291992
900,0.3799886703491211,0.05898571014404297
1300,0.4784262180328369,0.07361125946044922
1700,0.3979182243347168,0.10548853874206543
2100,1.784888744354248,0.12804865837097168
2500,0.8499805927276611,0.15853214263916016
2900,1.7964367866516113,0.23736119270324707
3300,2.625680685043335,0.2602076530456543
3700,0.8428616523742676,0.3071601390838623
4100,3.4203221797943115,0.2680246829986572
4500,2.965256452560425,0.27584123611450195
4900,1.17989182472229,0.39344215393066406
5300,3.3679401874542236,0.34334588050842285
5700,0.9349648952484131,0.2850475311279297
6100,0.9277856349945068,0.2851090431213379
6500,1.2571141719818115,0.23719048500061035
6900,1.5943045616149902,0.2367236614227295
7300,4.222565412521362,0.2504920959472656
7700,2.9710607528686523,0.2672457695007324
8100,1.7981047630310059,0.2783627510070801
8500,3.6806461811065674,0.31285595893859863
8900,4.677277326583862,0.29798102378845215
9300,4.299285411834717,0.5955426692962646
9700,5.22337532043457,0.6295943260192871
10100,3.809633493423462,1.241051435470581
10500,4.576730966567993,0.6990876197814941
10900,6.7376649379730225,1.2646324634552002
11300,6.091122627258301,0.7499649524688721
11700,8.992526531219482,0.8079986572265625
12100,4.2569005489349365,0.8103153705596924
12500,8.174127578735352,0.703887939453125
12900,6.5714452266693115,1.7327971458435059
13300,4.914663553237915,2.2676334381103516
13700,10.26120662689209,0.9030976295471191
14100,5.560838222503662,0.9454853534698486
14500,3.7838048934936523,0.5189225673675537
14900,2.314711570739746,0.5147566795349121
