100,0.0683126449584961,0.005861759185791016
500,0.14481043815612793,0.014950037002563477
900,0.2742190361022949,0.03263568878173828
1300,0.34059906005859375,0.03920125961303711
1700,0.5022106170654297,0.06782960891723633
2100,0.8074202537536621,0.09871292114257812
2500,1.2031488418579102,0.09475517272949219
2900,0.5168650150299072,0.18119096755981445
3300,1.171170711517334,0.10952234268188477
3700,1.1490769386291504,0.2254016399383545
4100,2.0917177200317383,0.25615787506103516
4500,3.112553596496582,0.15537357330322266
4900,0.8667478561401367,0.16690683364868164
5300,3.6371004581451416,0.39555883407592773
5700,1.336120367050171,0.37244606018066406
6100,4.790346145629883,0.4004783630371094
6500,3.198875904083252,0.41594481468200684
6900,3.559744358062744,0.42522430419921875
7300,3.425267219543457,0.49006032943725586
7700,4.542395830154419,0.49425363540649414
8100,3.6295664310455322,0.5238821506500244
8500,4.650118112564087,0.4956536293029785
8900,2.0775179862976074,0.31098389625549316
9300,1.8472323417663574,0.6031272411346436
9700,6.828947305679321,0.6420004367828369
10100,7.9764087200164795,1.9030804634094238
10500,2.781259298324585,1.239241361618042
10900,3.4029452800750732,0.7470064163208008
11300,6.395119667053223,1.1259057521820068
11700,2.4889705181121826,0.4072864055633545
12100,4.214942932128906,0.6250901222229004
12500,7.569389343261719,0.8043246269226074
12900,9.079538583755493,0.4613304138183594
13300,6.084561347961426,1.112466812133789
13700,2.2213919162750244,0.47881174087524414
14100,2.747758388519287,1.6271402835845947
14500,5.300944566726685,1.2610127925872803
14900,6.260248422622681,0.5599186420440674
