100,0.05817675590515137,0.005847454071044922
500,0.20554161071777344,0.028853654861450195
900,0.36414623260498047,0.05207419395446777
1300,0.7246882915496826,0.07689809799194336
1700,0.6559109687805176,0.10848188400268555
2100,1.2746667861938477,0.1299142837524414
2500,1.1399986743927002,0.15100383758544922
2900,2.29647159576416,0.2312638759613037
3300,1.0402953624725342,0.2924182415008545
3700,1.6982920169830322,0.24039053916931152
4100,1.1295878887176514,0.26388049125671387
4500,2.4293923377990723,0.5160267353057861
4900,3.2552309036254883,0.48076581954956055
5300,3.2757623195648193,0.35414838790893555
5700,0.9335107803344727,0.3709878921508789
6100,3.587017774581909,0.6116743087768555
6500,4.932468414306641,0.7980148792266846
6900,4.423140048980713,0.25246405601501465
7300,1.4660909175872803,0.2502121925354004
7700,0.7758023738861084,0.29164838790893555
8100,1.6786158084869385,0.9302401542663574
8500,8.198432207107544,0.5413205623626709
8900,5.773094177246094,0.5939514636993408
9300,3.793478488922119,0.6294558048248291
9700,4.88344931602478,0.651247501373291
10100,2.684676170349121,0.6851913928985596
10500,2.5307254791259766,0.6977899074554443
10900,4.1965858936309814,0.7251760959625244
11300,4.184918165206909,0.7155323028564453
11700,5.031377792358398,0.771611213684082
12100,6.479637145996094,0.8014984130859375
12500,6.6616599559783936,0.792471170425415
12900,4.044829845428467,0.44378185272216797
13300,4.717753648757935,1.6071126461029053
13700,9.167152166366577,0.46666765213012695
14100,3.494314193725586,0.9043464660644531
14500,13.690874099731445,0.9518437385559082
14900,8.433582782745361,0.8934681415557861
