100,0.058606624603271484,0.0059833526611328125
500,0.14891433715820312,0.027891874313354492
900,0.5298998355865479,0.05494999885559082
1300,0.7083983421325684,0.08045792579650879
1700,0.8407738208770752,0.10100078582763672
2100,1.1841111183166504,0.15178894996643066
2500,1.3329005241394043,0.15292906761169434
2900,1.678863763809204,0.18255329132080078
3300,2.4767534732818604,0.10913205146789551
3700,1.1315476894378662,0.12055802345275879
4100,0.676729679107666,0.1296219825744629
4500,1.4475243091583252,0.1743175983428955
4900,0.6236538887023926,0.16621160507202148
5300,0.4850332736968994,0.17924118041992188
5700,2.916409492492676,0.3559896945953369
6100,1.9782063961029053,0.391110897064209
6500,3.724113941192627,0.44974780082702637
6900,3.85103440284729,0.6632685661315918
7300,5.133643388748169,0.8439509868621826
7700,4.820988655090332,0.8219258785247803
8100,3.7856249809265137,0.5347464084625244
8500,3.241955518722534,0.5398566722869873
8900,4.600663423538208,0.7074329853057861
9300,2.5881199836730957,0.5874984264373779
9700,1.8446004390716553,0.6339609622955322
10100,5.788252353668213,0.6853592395782471
10500,7.968770503997803,2.143223285675049
10900,5.150170087814331,0.723243236541748
11300,5.703349351882935,0.7397267818450928
11700,3.3880302906036377,0.7761809825897217
12100,3.828871726989746,1.8235535621643066
12500,3.1604886054992676,0.8223233222961426
12900,3.555452823638916,0.8517742156982422
13300,8.5869779586792,0.9028096199035645
13700,3.7190871238708496,0.5286026000976562
14100,2.397550344467163,0.45969128608703613
14500,2.4470880031585693,0.5239083766937256
14900,5.93764853477478,0.5566115379333496
