100,0.0395810604095459,0.0062084197998046875
500,0.22985291481018066,0.030010700225830078
900,0.3437683582305908,0.05535697937011719
1300,0.3723311424255371,0.08046317100524902
1700,1.152008295059204,0.10373687744140625
2100,0.9616107940673828,0.18838763236999512
2500,1.268204927444458,0.1463460922241211
2900,1.1081218719482422,0.1180872917175293
3300,2.8695404529571533,0.21201419830322266
3700,1.0137076377868652,0.23210906982421875
4100,3.497232437133789,0.26393842697143555
4500,1.2076079845428467,0.41779541969299316
4900,1.6544625759124756,0.3132460117340088
5300,1.1606988906860352,0.33200693130493164
5700,4.957370281219482,0.36407041549682617
6100,3.9402425289154053,0.4034607410430908
6500,4.50732421875,0.4862513542175293
6900,3.7263922691345215,0.788823127746582
7300,3.869086265563965,0.4770393371582031
7700,3.789682388305664,0.5022127628326416
8100,5.335266828536987,0.5311315059661865
8500,1.6328363418579102,0.8232312202453613
8900,2.0599374771118164,0.6764962673187256
9300,2.3266899585723877,0.7661516666412354
9700,3.2378697395324707,0.345674991607666
10100,3.5310943126678467,0.36749935150146484
10500,3.0888452529907227,0.41400599479675293
10900,3.367396116256714,0.3799581527709961
11300,3.697026014328003,0.611090898513794
11700,7.673816919326782,1.0874135494232178
12100,2.4646263122558594,0.8305182456970215
12500,8.380955219268799,0.8288614749908447
12900,7.607176065444946,0.4776287078857422
13300,3.3122801780700684,0.6023898124694824
13700,4.126803874969482,0.5267133712768555
14100,1.1350886821746826,0.5289502143859863
14500,5.559529542922974,1.5433402061462402
14900,2.099036931991577,0.5275065898895264
