100,0.018546342849731445,0.006280422210693359
500,0.1852245330810547,0.0294952392578125
900,0.6745784282684326,0.06490921974182129
1300,0.9840583801269531,0.04004669189453125
1700,0.3911738395690918,0.06230950355529785
2100,0.9477143287658691,0.12723803520202637
2500,0.5129845142364502,0.08358097076416016
2900,0.37711596488952637,0.08801960945129395
3300,1.6412911415100098,0.10848236083984375
3700,2.0259037017822266,0.12526535987854004
4100,1.5293900966644287,0.14346933364868164
4500,0.8538472652435303,0.2060401439666748
4900,1.1241822242736816,0.21334457397460938
5300,0.8983154296875,0.251300573348999
5700,1.5390360355377197,0.21421313285827637
6100,1.3247110843658447,0.6793584823608398
6500,4.0747153759002686,0.2796967029571533
6900,2.249014377593994,0.5736749172210693
7300,4.176884651184082,0.4711282253265381
7700,3.569828510284424,0.4935019016265869
8100,4.0429527759552,0.2782421112060547
8500,3.0389161109924316,1.0495715141296387
8900,6.642090082168579,0.5845801830291748
9300,4.878021955490112,1.4677350521087646
9700,7.592993259429932,0.6088912487030029
10100,5.167486667633057,0.689208984375
10500,9.334128141403198,1.7620477676391602
10900,11.95029592514038,0.7207074165344238
11300,3.2499334812164307,0.73136305809021
11700,4.92774510383606,0.7994832992553711
12100,6.096386432647705,2.0905447006225586
12500,2.6264376640319824,1.2335731983184814
12900,3.6482901573181152,0.8640964031219482
13300,6.172250986099243,0.889401912689209
13700,9.181140661239624,3.179145097732544
14100,12.215696573257446,0.9412639141082764
14500,8.291405200958252,1.1195008754730225
14900,6.102119207382202,1.0159814357757568
