100,0.07513070106506348,0.006034374237060547
500,0.3212249279022217,0.030776023864746094
900,0.396991491317749,0.05460548400878906
1300,0.49819326400756836,0.09763646125793457
1700,1.6280608177185059,0.09271740913391113
2100,1.2915468215942383,0.12740206718444824
2500,0.8182024955749512,0.1516129970550537
2900,2.0508573055267334,0.25710511207580566
3300,1.5859310626983643,0.203690767288208
3700,2.2393181324005127,0.2331862449645996
4100,2.6371562480926514,0.26652002334594727
4500,2.537209987640381,0.4540729522705078
4900,1.1563715934753418,0.3216667175292969
5300,2.1054909229278564,0.3223867416381836
5700,2.624443769454956,0.3397254943847656
6100,3.7861430644989014,0.4134097099304199
6500,2.6369543075561523,0.9085972309112549
6900,2.9990737438201904,0.39319419860839844
7300,3.0086748600006104,0.4818990230560303
7700,5.584876537322998,0.49561262130737305
8100,1.6205151081085205,0.5350363254547119
8500,2.0979390144348145,0.5690629482269287
8900,3.036076784133911,0.6007533073425293
9300,6.597695827484131,0.8561465740203857
9700,3.89630389213562,0.6207809448242188
10100,5.016810417175293,0.6520533561706543
10500,10.844738006591797,1.154287576675415
10900,3.0086216926574707,0.7348947525024414
11300,6.281076431274414,0.7418434619903564
11700,8.636781215667725,1.554413080215454
12100,4.441716909408569,0.7905223369598389
12500,4.173166275024414,0.8295366764068604
12900,5.441157341003418,0.48246073722839355
13300,2.6142330169677734,0.4745755195617676
13700,1.047170877456665,1.7065584659576416
14100,1.438661813735962,0.45203089714050293
14500,4.221024751663208,0.48754215240478516
14900,3.9765431880950928,1.1910679340362549
