100,0.06486725807189941,0.005939006805419922
500,0.2919349670410156,0.02887582778930664
900,0.27956652641296387,0.054741621017456055
1300,0.3547515869140625,0.09353923797607422
1700,0.7675702571868896,0.10734891891479492
2100,0.26308298110961914,0.12714648246765137
2500,1.0335075855255127,0.16154074668884277
2900,3.4358010292053223,0.20689630508422852
3300,1.7185359001159668,0.19736671447753906
3700,1.7495899200439453,0.2214803695678711
4100,2.9577200412750244,0.3253321647644043
4500,1.6431958675384521,0.2831287384033203
4900,3.268198013305664,0.16769933700561523
5300,1.1537253856658936,0.36903882026672363
5700,1.6816644668579102,0.3676490783691406
6100,4.735332250595093,0.3914954662322998
6500,1.700463056564331,0.5271532535552979
6900,3.6926040649414062,0.4193596839904785
7300,4.5735414028167725,0.46913743019104004
7700,4.518345832824707,0.46158552169799805
8100,1.9092903137207031,0.29214048385620117
8500,2.4517836570739746,0.2950279712677002
8900,1.460200309753418,0.3116028308868408
9300,3.2884716987609863,0.3738884925842285
9700,2.387180805206299,0.33945322036743164
10100,1.2230513095855713,0.3470005989074707
10500,3.5659356117248535,0.37754178047180176
10900,5.930402755737305,1.3782110214233398
11300,8.024418592453003,0.7355775833129883
11700,15.749407529830933,0.399674654006958
12100,3.628206253051758,0.40367841720581055
12500,3.4124066829681396,0.4170393943786621
12900,3.50500226020813,0.4305405616760254
13300,4.8899548053741455,0.6988704204559326
13700,3.404923677444458,0.44754672050476074
14100,4.290707349777222,0.43256211280822754
14500,3.545802593231201,0.46115732192993164
14900,2.347438097000122,0.4739527702331543
