100,0.00536036491394043,0.0031523704528808594
500,0.04114532470703125,0.015650510787963867
900,0.5619752407073975,0.056105852127075195
1300,1.1213319301605225,0.0936441421508789
1700,1.3384134769439697,0.09681582450866699
2100,0.5269162654876709,0.1147456169128418
2500,1.6355986595153809,0.2015998363494873
2900,0.9401226043701172,0.29097652435302734
3300,0.724092960357666,0.21162819862365723
3700,1.6644973754882812,0.15965580940246582
4100,1.0760643482208252,0.14296317100524902
4500,0.7417702674865723,0.15440726280212402
4900,0.4998190402984619,0.16685247421264648
5300,3.8423571586608887,0.181779146194458
5700,1.4040513038635254,0.35092878341674805
6100,1.1227381229400635,0.41326451301574707
6500,2.681891441345215,0.4280855655670166
6900,2.0421347618103027,0.6304483413696289
7300,2.2750399112701416,0.4395439624786377
7700,2.9187986850738525,0.2623131275177002
8100,2.4117274284362793,1.041707992553711
8500,7.374225378036499,0.5531094074249268
8900,4.657968759536743,1.3525381088256836
9300,5.170064687728882,0.597808837890625
9700,2.7544195652008057,0.6542148590087891
10100,2.3977155685424805,0.6564323902130127
10500,4.799701690673828,0.6909136772155762
10900,3.6307709217071533,2.0995986461639404
11300,5.556127071380615,0.690436601638794
11700,7.132380247116089,0.8039455413818359
12100,4.642538070678711,0.7934088706970215
12500,8.573278188705444,0.8432300090789795
12900,3.471236228942871,1.402435064315796
13300,5.309793710708618,0.8247613906860352
13700,7.793346881866455,0.8967194557189941
14100,8.06332516670227,3.210864543914795
14500,3.1454224586486816,0.6788356304168701
14900,5.9624621868133545,1.01841402053833
