100,0.02796792984008789,0.005166292190551758
500,0.17455530166625977,0.02503371238708496
900,0.42852163314819336,0.04582929611206055
1300,0.3961005210876465,0.06613421440124512
1700,0.8041126728057861,0.10460400581359863
2100,0.47387218475341797,0.13509440422058105
2500,0.9010508060455322,0.16479086875915527
2900,0.8143434524536133,0.18567609786987305
3300,1.9820961952209473,0.20493507385253906
3700,0.9128954410552979,0.23320722579956055
4100,2.120544910430908,0.26514577865600586
4500,1.215501070022583,0.29208993911743164
4900,1.5574474334716797,0.3045072555541992
5300,2.4730606079101562,0.3389608860015869
5700,2.741091728210449,0.3740978240966797
6100,3.3250343799591064,0.3996613025665283
6500,4.277560234069824,0.4212226867675781
6900,2.239124059677124,0.4598863124847412
7300,5.3486487865448,0.4692068099975586
7700,4.035377264022827,1.0483274459838867
8100,2.5415682792663574,0.7870631217956543
8500,8.557062864303589,0.8437447547912598
8900,5.831517219543457,0.5510504245758057
9300,2.038191318511963,0.5999312400817871
9700,5.5908191204071045,0.6537253856658936
10100,3.1227669715881348,1.2808895111083984
10500,6.088742733001709,0.8645079135894775
10900,1.147606611251831,0.39983224868774414
11300,8.492409467697144,0.876262903213501
11700,7.320596694946289,0.7360274791717529
12100,11.054439544677734,0.8115882873535156
12500,5.726207494735718,0.8291566371917725
12900,3.8558096885681152,0.8361983299255371
13300,10.332538366317749,0.8840241432189941
13700,6.815708160400391,0.9350831508636475
14100,3.545196533203125,0.5057015419006348
14500,3.364107131958008,0.5898807048797607
14900,6.872446775436401,2.098600149154663
